25,write,1593753152,16,0
28,read,502143872,16,0
31,write,502144192,16,0
133,write,502147520,16,0
136,read,502144960,16,0
259,read,502144576,16,0
262,write,502147584,16,0
329,read,502144576,16,0
332,write,502147712,16,0
413,write,502147840,16,0
416,read,502144576,16,0
539,write,502147840,16,0
542,read,502144576,16,0
651,read,502144640,16,0
654,write,502147648,16,0
721,read,502144640,16,0
724,write,502148224,16,0
802,write,502147648,16,0
805,read,502144640,16,0
931,write,502147648,16,0
934,read,502144640,16,0
1043,read,502144704,16,0
1046,write,502147712,16,0
1113,write,502147648,16,0
1116,read,502144704,16,0
1239,write,502147648,16,0
1242,read,502144704,16,0
1351,read,502144768,16,0
1354,write,502147776,16,0
1421,write,502147648,16,0
1424,read,502144768,16,0
1547,write,502147648,16,0
1550,read,502144768,16,0
1659,read,502144832,16,0
1662,write,502147712,16,0
1729,read,502144832,16,0
1732,write,502147904,16,0
1813,read,502144832,16,0
1897,write,502148032,16,0
1900,read,502144832,16,0
2009,write,502147904,16,0
2012,read,502144896,16,0
2118,read,502147520,16,0
2185,read,502147648,16,0
2251,read,502144640,16,0
2254,read,502147648,16,0
2317,write,502144640,16,0
2359,read,502144704,16,0
2362,read,502147648,16,0
2443,write,502144704,16,0
2485,read,502144640,16,0
2488,read,502147648,16,0
2569,write,502144640,16,0
2612,read,502147648,16,0
2653,write,502144640,16,0
2695,read,502144768,16,0
2698,read,502147776,16,0
2779,write,502144768,16,0
2822,read,502148032,16,0
2863,write,502144768,16,0
2905,read,502144832,16,0
2908,read,502148224,16,0
2989,write,502144832,16,0
3031,read,502144640,16,0
3034,read,502147776,16,0
3115,write,502144640,16,0
3157,read,502144768,16,0
3242,read,502147648,16,0
3309,read,502147712,16,0
3312,read,502144768,16,0
3375,read,502144832,16,0
3460,read,502147904,16,0
3527,read,502147840,16,0
3594,read,502147840,16,0
3661,read,502147712,16,0
3728,read,502147520,16,0
3795,read,502147904,16,0
3798,read,502147648,16,0
3861,read,502144896,16,0
3864,read,499906624,16,0
3867,read,502147776,16,0
3903,read,502144768,16,0
4071,read,502144768,16,0
4074,read,499906624,16,0
4077,read,499906688,16,0
4138,read,502147648,16,0
4179,write,502143872,16,0
4221,write,502144064,16,0
4224,read,499906752,16,0
4227,read,499906816,16,0
4263,read,502144704,16,0
4266,read,502144640,16,0
4389,write,502144128,16,0
4392,read,499906752,16,0
4435,read,499906816,16,0
4599,write,502144128,16,0
4645,read,499906880,16,0
4729,write,502144128,16,0
4732,read,499906880,16,0
4837,write,502144128,16,0
4841,read,499906880,16,0
4844,read,499906944,16,0
4987,write,502144192,16,0
4991,read,499906944,16,0
5095,write,502144960,16,0
5099,read,499906944,16,0
5102,read,502148032,16,0
5203,write,502144960,16,0
5249,read,499907008,16,0
5252,read,499906944,16,0
5333,read,499905600,16,0
5413,read,502147520,16,0
5417,read,500014848,16,0
5420,read,499907008,16,0
5563,write,502144960,16,0
5567,read,499905536,16,0
5570,read,500014848,16,0
5671,read,502147520,16,0
5675,read,499907008,16,0
5797,write,502144960,16,0
5801,read,499905664,16,0
5905,read,502147520,16,0
5909,read,500014848,16,0
5912,read,499907072,16,0
5971,read,499907008,16,0
6059,read,499905920,16,0
6097,write,502145024,16,0
6139,read,502147520,16,0
6143,read,500014848,16,0
6146,read,499907072,16,0
6307,write,502145024,16,0
6311,read,499905856,16,0
6314,read,500014848,16,0
6415,read,502147520,16,0
6419,read,499907072,16,0
6541,write,502145024,16,0
6545,read,499905664,16,0
6548,read,499905728,16,0
6653,read,500014848,16,0
6656,read,499907136,16,0
6691,read,502147520,16,0
6779,read,499905536,16,0
6817,read,499907136,16,0
6859,read,502147520,16,0
6863,read,500014848,16,0
6901,write,502145024,16,0
6943,read,499907136,16,0
6989,read,499905536,16,0
7069,write,502145024,16,0
7111,read,502147520,16,0
7115,read,500014848,16,0
7195,read,499907136,16,0
7241,read,502148352,16,0
7244,read,502144064,16,0
7279,write,502145088,16,0
7321,write,502148352,16,0
7375,write,1593753088,16,0
7378,read,502148224,16,0
7381,write,502144064,16,0
7531,read,502144640,16,0
7615,read,499905152,16,0
7618,write,502148288,16,0
7685,read,1593753088,16,0
7688,write,502148352,16,0
7691,write,1593753024,16,0
7694,read,1593753216,16,0
7765,write,502144512,16,0
7768,write,502147584,16,0
7771,write,502148416,16,0
7774,write,502147520,16,0
7777,write,1593753088,16,0
7780,write,1593752960,16,0
7783,write,502144192,16,0
7892,write,502149696,16,0
7895,read,1593753216,16,0
8273,read,1593753216,16,0
8276,read,1593753280,16,0
8382,read,1593753280,16,0
8385,read,1593753344,16,0
8491,read,1593753344,16,0
8494,read,1593753408,16,0
8600,write,502143936,16,0
8603,write,1593752960,16,0
8606,write,1593753024,16,0
8609,read,1593753408,16,0
8612,write,502144576,16,0
8793,read,502144000,16,0
8796,read,502143936,16,0
8799,read,502144512,16,0
8802,read,502144064,16,0
8805,read,500016960,16,0
8808,read,1593753408,16,0
9086,read,500016896,16,0
9090,read,1593753408,16,0
9194,read,500016896,16,0
9198,read,1593753408,16,0
9302,read,500016896,16,0
9306,read,1593753472,16,0
9410,read,500016896,16,0
9414,read,1593753472,16,0
9518,write,1593752960,16,0
9521,read,500016896,16,0
9524,read,1593753472,16,0
9672,read,500016896,16,0
9675,read,1593753472,16,0
9780,read,500016896,16,0
9784,read,1593753536,16,0
9888,read,500016896,16,0
9892,read,1593753536,16,0
10000,read,500016896,16,0
10003,read,1593753536,16,0
10108,read,500016896,16,0
10112,read,1593753536,16,0
10216,read,500016896,16,0
10220,read,1593753600,16,0
10328,read,500016896,16,0
10331,read,1593753600,16,0
10436,read,500016896,16,0
10440,read,1593753600,16,0
10544,read,500016960,16,0
10548,read,1593753600,16,0
10656,read,500016960,16,0
10659,read,1593753664,16,0
10764,read,500016960,16,0
10768,read,1593753664,16,0
10872,read,500016896,16,0
10876,read,1593753664,16,0
10981,write,502143936,16,0
10984,write,1593753024,16,0
10987,write,502144512,16,0
10990,write,502144000,16,0
10993,write,502144064,16,0
10996,write,1593752960,16,0
10999,write,502149632,16,0
11257,read,1593752960,16,0
11341,read,502143936,16,0
11407,read,1593753728,16,0
11474,write,1593752960,16,0
11477,read,1593753728,16,0
11586,read,1593753728,16,0
11656,read,1593753728,16,0
11726,read,1593752960,16,0
11792,write,502143936,16,0
11795,write,1593752960,16,0
11798,read,502149632,16,0
11943,read,502149568,16,0
11946,read,1593752960,16,0
12052,read,502144512,16,0
12055,write,1593752960,16,0
12058,write,1593752896,16,0
12119,read,502144576,16,0
12160,write,1593752960,16,0
12163,write,502148928,16,0
12166,write,502147520,16,0
12169,write,502149056,16,0
12172,write,1593752640,16,0
12175,write,1593752576,16,0
12178,read,502149696,16,0
12181,read,502144512,16,0
12184,write,1593752512,16,0
12244,write,1593752704,16,0
12538,write,1593752576,16,0
12581,write,502144064,16,0
12706,read,1593752576,16,0
12790,read,1593753216,16,0
12856,read,1593754624,16,0
12859,read,1593755392,16,0
12862,read,1593755456,16,0
12865,read,1593753216,16,0
13007,read,1593753280,16,0
13048,read,1593755456,16,0
13090,read,1593756736,16,0
13133,read,1593753280,16,0
13216,read,1593756800,16,0
13219,read,1593753280,16,0
13324,read,1593756800,16,0
13327,read,1593756864,16,0
13330,read,1593756992,16,0
13391,read,1593753280,16,0
13433,read,1593753344,16,0
13516,read,1593757056,16,0
13558,read,1593757120,16,0
13604,read,1593753344,16,0
13684,read,1593757120,16,0
13687,read,1593757184,16,0
13754,read,1593753344,16,0
13834,read,1593757184,16,0
13837,read,1593757248,16,0
13904,read,1593752512,16,0
13907,read,1593753408,16,0
13946,write,1593752896,16,0
13949,read,1593752576,16,0
13985,read,502144512,16,0
14030,read,1593752640,16,0
14110,write,1593752576,16,0
14194,write,1593752640,16,0
14197,read,1593753024,16,0
14236,read,1593752576,16,0
14321,write,1593752640,16,0
14324,write,1593752512,16,0
14327,read,500019584,16,0
14446,read,1593752512,16,0
14530,read,502144192,16,0
14597,write,1593752512,16,0
14600,read,502145024,16,0
14706,read,502145024,16,0
14773,read,502145024,16,0
14839,read,502149568,16,0
14906,read,502143936,16,0
14909,read,1593752512,16,0
14912,read,1593752576,16,0
14915,write,502149568,16,0
14976,write,502149888,16,0
14979,write,502150528,16,0
15015,write,1593752512,16,0
15018,read,500019584,16,0
15060,write,502151232,16,0
15063,read,1593752576,16,0
15066,read,502150592,16,0
15069,write,502149824,16,0
15072,write,502150784,16,0
15224,read,1593752512,16,0
15350,write,502149888,16,0
15353,write,502150976,16,0
15393,write,502150592,16,0
15518,read,502143936,16,0
15690,write,502150976,16,0
15693,write,502151040,16,0
15696,write,502151104,16,0
15699,read,1593752576,16,0
15702,write,502151168,16,0
15705,write,502151232,16,0
15708,write,502150720,16,0
15883,read,502145088,16,0
16054,read,500019584,16,0
16057,write,502150720,16,0
16060,read,1593752576,16,0
16063,read,1593752640,16,0
16204,write,502150528,16,0
16246,read,1593753024,16,0
16250,write,1593752640,16,0
16253,read,502148928,16,0
16256,read,502147456,16,0
16330,write,502150528,16,0
16414,write,1593752576,16,0
16456,write,502147456,16,0
16540,read,1593752576,16,0
16625,read,502145088,16,0
16695,read,502147456,16,0
16698,read,502148928,16,0
16701,read,502145088,16,0
16704,read,1593752640,16,0
16761,write,502150976,16,0
16764,write,502147456,16,0
16845,write,502145088,16,0
17017,read,502150592,16,0
17020,write,502150656,16,0
17023,read,502143936,16,0
17026,read,4194368,16,0
17083,write,502150592,16,0
17209,write,502149824,16,0
17216,read,4194432,16,0
17219,read,502147584,16,0
17335,read,502149824,16,0
17384,read,4194496,16,0
17419,write,502149184,16,0
17461,read,4194496,16,0
17464,read,502149824,16,0
17587,read,502150656,16,0
17657,write,502150656,16,0
17660,read,4194432,16,0
17769,read,4194496,16,0
17839,read,4194496,16,0
17905,read,4194560,16,0
17908,read,502149824,16,0
18013,read,502150656,16,0
18083,read,4194560,16,0
18087,read,4194624,16,0
18149,read,502149824,16,0
18195,read,4194688,16,0
18198,read,4194752,16,0
18233,write,502149824,16,0
18280,read,4194816,16,0
18318,write,502148928,16,0
18321,read,502150656,16,0
18324,read,502150912,16,0
18401,write,502150976,16,0
18528,read,502147584,16,0
18612,read,502147712,16,0
18679,read,502147648,16,0
18682,read,502147584,16,0
18685,write,1593752640,16,0
18745,read,502144640,16,0
18787,read,502149184,16,0
18829,read,1593752640,16,0
18871,read,502144576,16,0
18874,read,502149824,16,0
18913,read,4194816,16,0
19039,read,6299136,16,0
19081,read,499906368,16,0
19166,write,502149248,16,0
19169,read,502148352,16,0
19172,write,502149184,16,0
19278,write,502149888,16,0
19281,read,6299136,16,0
19400,write,502150016,16,0
19404,read,6299200,16,0
19512,write,502150016,16,0
19515,read,6299200,16,0
19620,write,502150080,16,0
19624,read,6299200,16,0
19732,write,502150144,16,0
19735,read,6299200,16,0
19844,write,502150080,16,0
19847,read,6299264,16,0
19952,write,502150144,16,0
19956,read,6299264,16,0
20067,write,502150528,16,0
20070,read,6299264,16,0
20175,write,502149952,16,0
20179,read,6299328,16,0
20283,write,502149952,16,0
20286,write,502150016,16,0
20289,read,6299328,16,0
20433,write,502150080,16,0
20437,write,502149952,16,0
20440,read,6299392,16,0
20583,write,502149888,16,0
20587,read,6299392,16,0
20695,write,502150080,16,0
20698,read,6299392,16,0
20803,write,502150080,16,0
20807,read,6299392,16,0
20911,write,502149952,16,0
20915,read,6299456,16,0
21023,write,502149952,16,0
21026,read,6299456,16,0
21131,write,502149952,16,0
21135,read,6299456,16,0
21243,write,502150208,16,0
21246,read,6299456,16,0
21358,write,502150144,16,0
21361,read,6299520,16,0
21470,read,502149824,16,0
21473,read,502150080,16,0
21476,write,502150272,16,0
21479,read,6299520,16,0
21578,read,6299392,16,0
21666,read,502149952,16,0
21708,read,502150144,16,0
21711,read,502150208,16,0
21746,read,6299456,16,0
21750,read,502150528,16,0
21873,write,1593752640,16,0
21914,read,6299264,16,0
21998,read,4194944,16,0
22001,write,502150592,16,0
22004,read,1593752640,16,0
22007,read,1593752896,16,0
22191,read,502144064,16,0
22194,write,1593752640,16,0
22197,write,1593752576,16,0
22258,write,1593752512,16,0
22261,read,500019584,16,0
22341,read,1593752576,16,0
22383,read,1593752512,16,0
22509,read,502144192,16,0
22576,write,1593752512,16,0
22579,read,502145024,16,0
22685,read,502145024,16,0
22752,read,502145024,16,0
22818,read,502149568,16,0
22885,write,502149568,16,0
22888,read,1593752512,16,0
22891,read,1593752576,16,0
22894,write,502151296,16,0
22897,write,502152000,16,0
22994,write,1593752512,16,0
22997,read,500019584,16,0
23039,write,502152384,16,0
23042,read,1593752576,16,0
23045,read,502152064,16,0
23048,write,502152256,16,0
23051,write,502152128,16,0
23161,read,1593752512,16,0
23203,write,502152448,16,0
23287,write,502151296,16,0
23329,write,502152064,16,0
23455,read,502143936,16,0
23624,read,502145088,16,0
23694,write,502152128,16,0
23700,read,1593752576,16,0
23760,read,502152128,16,0
23848,write,502152128,16,0
23851,read,500019584,16,0
23854,write,502152192,16,0
23857,read,1593752576,16,0
23860,read,1593752640,16,0
24083,read,502144064,16,0
24149,read,1593831424,16,0
24215,write,502151936,16,0
24219,read,1593831488,16,0
24222,read,502151232,16,0
24369,read,1593831488,16,0
24435,read,502152128,16,0
24505,read,502152128,16,0
24508,read,502151936,16,0
24511,read,1593831488,16,0
24514,read,1593831552,16,0
24659,read,1593831616,16,0
24697,write,502151296,16,0
24700,write,502151936,16,0
24743,write,502152064,16,0
24746,read,502151232,16,0
24907,read,502152128,16,0
24910,write,502151232,16,0
24913,read,502151296,16,0
24973,write,502152128,16,0
25057,write,502151296,16,0
25060,read,1593832512,16,0
25063,read,1593832576,16,0
25183,write,502151424,16,0
25225,write,502151360,16,0
25229,read,1593832576,16,0
25232,read,1593832640,16,0
25351,write,502151424,16,0
25397,write,502151616,16,0
25400,read,1593832640,16,0
25526,write,502151616,16,0
25529,read,1593832640,16,0
25641,read,1593832704,16,0
25644,read,502151232,16,0
25647,read,502151360,16,0
25650,write,502151744,16,0
25791,read,1593832576,16,0
25794,write,502151360,16,0
25875,write,502144256,16,0
25921,read,1593832576,16,0
25924,read,502151360,16,0
25927,read,502151488,16,0
25930,read,502151744,16,0
26001,write,502144320,16,0
26127,read,1593832640,16,0
26130,read,1593832704,16,0
26133,write,502151744,16,0
26136,read,502151936,16,0
26139,read,502151488,16,0
26142,read,502151360,16,0
26145,read,502151552,16,0
26148,read,502151616,16,0
26211,write,502144320,16,0
26338,read,502151936,16,0
26506,write,1593752640,16,0
26593,read,502144256,16,0
26596,read,502152192,16,0
26599,read,502152064,16,0
26631,read,1593752640,16,0
26634,read,502151424,16,0
26673,read,1593831680,16,0
26715,write,502151936,16,0
26757,write,502152064,16,0
26845,read,502151360,16,0
26848,write,1593752640,16,0
26883,write,502152000,16,0
27009,read,502144256,16,0
27135,read,1593832576,16,0
27202,read,1593832064,16,0
27272,read,1593832064,16,0
27345,read,1593832064,16,0
27415,read,1593832064,16,0
27491,read,1593752640,16,0
27494,write,1593752704,16,0
27558,write,1593752640,16,0
27561,read,502145024,16,0
27684,read,502145024,16,0
27750,read,502149568,16,0
27817,write,502149568,16,0
27823,read,1593752640,16,0
27925,read,1593752704,16,0
27929,read,502151296,16,0
27932,write,1593752640,16,0
27935,read,1593832064,16,0
28033,write,502152384,16,0
28075,read,1593752640,16,0
28117,write,502152448,16,0
28201,read,502143936,16,0
28286,write,1593752640,16,0
28289,read,502148928,16,0
28292,read,502147456,16,0
28394,write,1593752576,16,0
28436,write,502147456,16,0
28478,read,1593752576,16,0
28563,read,502145088,16,0
28629,read,502149888,16,0
28632,write,502151296,16,0
28699,read,502145088,16,0
28702,read,502147456,16,0
28705,read,502148928,16,0
28708,read,1593752640,16,0
28779,write,502145088,16,0
28821,write,502152384,16,0
28824,write,502147456,16,0
28905,read,502151296,16,0
28909,write,1593752704,16,0
28912,write,1593752640,16,0
28915,write,1593752576,16,0
29074,write,502147584,16,0
29077,write,502144064,16,0
29080,write,502151296,16,0
29283,read,502144064,16,0
29367,write,1593752128,16,0
29370,read,502151936,16,0
29475,read,1593831488,16,0
29478,read,1593831552,16,0
29481,read,1593752128,16,0
29484,read,1593831616,16,0
29487,write,1593752064,16,0
29667,read,502151232,16,0
29670,read,500017664,16,0
29751,write,1593752064,16,0
29754,read,1593832192,16,0
29793,read,500017664,16,0
29878,read,1593832192,16,0
29923,read,1593752064,16,0
29926,read,1593752576,16,0
29929,read,1593752640,16,0
30003,read,1593832192,16,0
30130,read,502143936,16,0
30133,write,1593752640,16,0
30136,write,1593752576,16,0
30139,write,1593752512,16,0
30197,write,502143936,16,0
30200,read,502144256,16,0
30203,read,502144000,16,0
30206,write,1593752448,16,0
30406,write,1593752576,16,0
30448,read,502144000,16,0
30574,write,1593752448,16,0
30577,read,502144064,16,0
30682,write,1593752512,16,0
30685,read,502151936,16,0
30790,read,1593831488,16,0
30793,write,1593752512,16,0
30796,read,1593831552,16,0
30898,read,1593752512,16,0
30986,read,1593752512,16,0
30989,read,1593831616,16,0
30992,write,1593752448,16,0
31094,read,502151232,16,0
31136,read,1593752448,16,0
31179,read,1593832192,16,0
31263,write,1593752384,16,0
31266,read,1593832192,16,0
31269,read,1593752512,16,0
31272,read,1593831616,16,0
31329,read,1593752384,16,0
31373,read,1593752448,16,0
31376,write,502149760,16,0
31497,read,1593752384,16,0
31500,write,1593752512,16,0
31539,write,1593752320,16,0
31624,write,1593752384,16,0
31665,read,1593752512,16,0
31707,read,1593752320,16,0
31795,read,1593752512,16,0
31798,read,1593752384,16,0
31879,read,1593752512,16,0
31882,read,1593752448,16,0
31885,write,1593752320,16,0
31888,read,502145024,16,0
32001,write,502144448,16,0
32086,read,502145024,16,0
32169,read,502149568,16,0
32236,write,502149568,16,0
32242,read,1593752320,16,0
32344,read,1593752512,16,0
32348,write,502152448,16,0
32414,read,1593752384,16,0
32417,write,1593752320,16,0
32494,read,500019968,16,0
32501,write,502152512,16,0
32504,read,1593752512,16,0
32536,read,1593752320,16,0
32705,write,1593752320,16,0
32708,read,1593753728,16,0
32715,write,502152512,16,0
32718,read,1593752384,16,0
32721,write,1593752448,16,0
32771,read,1593752320,16,0
32985,write,502152448,16,0
32988,write,502152512,16,0
32991,read,1593752512,16,0
32994,read,1593752448,16,0
33181,read,1593752384,16,0
33195,read,1593752320,16,0
33247,read,502152448,16,0
33250,read,1593752448,16,0
33289,read,502152512,16,0
33331,write,502152448,16,0
33374,read,1593752448,16,0
33377,read,1593752512,16,0
33380,read,1593752576,16,0
33415,write,502152512,16,0
33457,read,502152448,16,0
33583,write,502144448,16,0
33586,write,1593752576,16,0
33589,read,502145024,16,0
33592,write,1593752512,16,0
33667,write,502152448,16,0
33794,read,502145024,16,0
33877,read,502152448,16,0
33919,read,502149568,16,0
33961,write,502144448,16,0
34004,write,502149568,16,0
34010,read,1593752512,16,0
34013,read,1593752576,16,0
34171,write,502144512,16,0
34174,read,502144448,16,0
34177,write,1593752576,16,0
34180,read,502145024,16,0
34279,write,1593752512,16,0
34364,read,502145024,16,0
34447,read,502149568,16,0
34517,write,502149568,16,0
34520,read,502143936,16,0
34629,write,1593752512,16,0
34695,read,1593752512,16,0
34762,read,502149568,16,0
34765,read,1593752512,16,0
34768,read,1593752576,16,0
34828,read,502149568,16,0
34954,write,502149568,16,0
34957,write,502152512,16,0
34960,write,178561024,16,0
34963,write,502144512,16,0
34966,write,502147520,16,0
34969,write,1593752576,16,0
34977,write,178561088,16,0
34980,read,500016000,16,0
34983,read,500016064,16,0
35230,read,1593752576,16,0
35314,write,178561088,16,0
35371,write,178561152,16,0
35375,write,502152512,16,0
35378,read,500016000,16,0
35381,read,500016064,16,0
35398,write,178561024,16,0
35566,write,178561216,16,0
35623,read,1593752576,16,0
35627,write,502152576,16,0
35630,write,178561280,16,0
35633,read,500016000,16,0
35636,read,500016064,16,0
35734,write,178561152,16,0
35860,write,178561280,16,0
35920,read,502145088,16,0
35923,write,178561216,16,0
35926,write,502149312,16,0
35929,write,502152576,16,0
36028,read,502150592,16,0
36032,read,502150144,16,0
36035,read,502150016,16,0
36200,write,502150784,16,0
36203,write,502150656,16,0
36206,read,1593752576,16,0
36209,read,1593752640,16,0
36407,write,502144512,16,0
36448,read,502147520,16,0
36451,write,1593752640,16,0
36454,read,502144960,16,0
36536,read,502145088,16,0
36574,read,1593752640,16,0
36616,write,502149824,16,0
36619,write,1593752704,16,0
36700,read,502147584,16,0
36827,read,502147584,16,0
36830,read,502148352,16,0
36833,read,502145088,16,0
36836,write,502149888,16,0
36839,read,502147456,16,0
36842,read,502144000,16,0
36845,read,502149824,16,0
36893,read,502149184,16,0
36936,write,502148352,16,0
36977,write,502145088,16,0
37061,write,502147456,16,0
37146,write,502144000,16,0
37187,write,502147584,16,0
37229,read,499904512,16,0
37439,write,502148224,16,0
37442,read,499904896,16,0
37548,write,502148672,16,0
37551,read,502148608,16,0
37554,read,502150080,16,0
37657,read,502149312,16,0
37660,read,1593752704,16,0
37741,read,502147776,16,0
37782,write,6299328,16,0
37785,write,502149824,16,0
37788,read,502151296,16,0
37825,write,1593752640,16,0
37992,read,1593752640,16,0
38058,read,502144192,16,0
38128,read,502144384,16,0
38198,write,1593752640,16,0
38201,read,1593752704,16,0
38204,write,502149760,16,0
38264,read,1593752640,16,0
38306,read,502151296,16,0
38436,read,1593752896,16,0
38439,write,1593752640,16,0
38442,write,1593752576,16,0
38445,write,1593752448,16,0
38448,read,502150592,16,0
38451,write,1593752384,16,0
38454,write,1593752320,16,0
38457,read,502149760,16,0
38628,read,1593752448,16,0
38671,write,502150592,16,0
38796,write,1593752384,16,0
38838,read,1593752320,16,0
38964,read,502150528,16,0
38967,read,1593752448,16,0
38970,read,502149888,16,0
38973,read,502149952,16,0
39118,read,502149824,16,0
39121,read,1593752448,16,0
39124,write,1593752512,16,0
39156,read,6299264,16,0
39198,read,6299136,16,0
39240,write,1593752448,16,0
39324,write,1593752512,16,0
39373,write,1593752256,16,0
39450,read,1593752512,16,0
39534,read,6299136,16,0
39601,read,4195520,16,0
39675,read,1593752256,16,0
39745,write,1593752512,16,0
39748,write,1593752256,16,0
39751,write,1593752000,16,0
39754,write,1593752064,16,0
39757,read,502147520,16,0
39979,write,1593752000,16,0
39982,read,502149312,16,0
39985,write,1593752064,16,0
39988,write,1593752128,16,0
40045,read,1593752000,16,0
40087,write,1593752256,16,0
40214,write,1593752000,16,0
40217,read,502144192,16,0
40297,read,1593752000,16,0
40340,write,1593752064,16,0
40343,write,1593752128,16,0
40381,read,502144192,16,0
40508,write,1593752128,16,0
40511,write,502149312,16,0
40514,read,1593752000,16,0
40517,read,1593752512,16,0
40520,write,1593751936,16,0
40658,write,1593752000,16,0
40700,read,502150592,16,0
40703,read,502149888,16,0
40706,write,1593751040,16,0
40709,write,1593750976,16,0
40869,read,502147392,16,0
40995,read,502145088,16,0
41061,read,502150592,16,0
41131,write,1593750912,16,0
41134,read,502149824,16,0
41137,read,4195520,16,0
41140,read,502149888,16,0
41197,read,1593750912,16,0
41281,read,500019584,16,0
41411,read,502151232,16,0
41414,write,1593750912,16,0
41417,read,4195520,16,0
41420,read,502150592,16,0
41423,read,502150016,16,0
41426,read,502149888,16,0
41519,read,1593750912,16,0
41561,read,502151232,16,0
41687,read,502148352,16,0
41730,read,502147584,16,0
41733,read,4195520,16,0
41814,write,1593750912,16,0
41855,read,502149184,16,0
41897,read,4194816,16,0
41939,read,1593750912,16,0
41981,read,502149248,16,0
42066,read,4195520,16,0
42069,write,1593750912,16,0
42149,read,499906368,16,0
42191,read,1593750912,16,0
42276,write,1593750912,16,0
42279,read,4195520,16,0
42282,read,502149248,16,0
42285,read,502148352,16,0
42288,read,502147712,16,0
42291,read,502147648,16,0
42342,read,1593750912,16,0
42384,read,499906368,16,0
42514,read,4195520,16,0
42552,read,502144640,16,0
42720,read,502144576,16,0
42786,read,499906368,16,0
42856,read,4195520,16,0
42859,read,1593750912,16,0
42862,read,502147584,16,0
42922,read,499906368,16,0
43006,read,502152064,16,0
43052,write,1593750912,16,0
43094,read,502151296,16,0
43097,read,4195520,16,0
43132,read,1593750912,16,0
43216,read,500019584,16,0
43304,read,502152384,16,0
43307,read,4195520,16,0
43310,write,1593750912,16,0
43412,read,502152448,16,0
43500,read,4195520,16,0
43566,read,502152448,16,0
43636,read,4195520,16,0
43639,read,1593750912,16,0
43642,read,502152384,16,0
43645,read,502152064,16,0
43648,read,502151424,16,0
43651,read,502151360,16,0
43702,read,502152448,16,0
43874,read,4195520,16,0
43877,write,1593750912,16,0
43912,read,502144256,16,0
44080,read,1593832576,16,0
44146,read,1593832064,16,0
44219,read,4195520,16,0
44222,read,1593750912,16,0
44225,read,502151296,16,0
44228,write,1593750976,16,0
44231,write,1593751872,16,0
44285,read,1593832064,16,0
44411,write,1593750976,16,0
44496,read,502143936,16,0
44580,read,502144192,16,0
44647,write,1593750912,16,0
44650,read,4195520,16,0
44763,read,1593750912,16,0
44766,read,4195520,16,0
44830,write,1593750912,16,0
44875,read,502150144,16,0
44878,write,1593750976,16,0
44913,read,1593750912,16,0
45039,read,502143936,16,0
45109,read,1593750976,16,0
45112,write,1593751040,16,0
45115,read,502145088,16,0
45179,read,502150656,16,0
45182,read,502150592,16,0
45217,read,1593751040,16,0
45259,write,1593750976,16,0
45427,read,1593750976,16,0
45493,read,502150592,16,0
45497,read,502150656,16,0
45563,read,1593750976,16,0
45566,read,502150784,16,0
45602,read,502144512,16,0
45731,read,1593750976,16,0
45797,write,1593750976,16,0
45801,write,1593750912,16,0
45804,write,1593750848,16,0
45807,read,502143936,16,0
45990,read,502149312,16,0
45993,write,1593750784,16,0
46057,write,1593750592,16,0
46140,read,1593750592,16,0
46207,write,1593750592,16,0
46216,read,1593750656,16,0
46273,read,1593750592,16,0
46315,write,502149376,16,0
46361,write,1593750592,16,0
46368,read,1593750784,16,0
46441,read,1593750592,16,0
46484,read,502149376,16,0
46487,write,1593750784,16,0
46490,read,178302976,16,0
46526,write,1593750592,16,0
46568,read,500020672,16,0
46693,read,1593750592,16,0
46735,read,178302976,16,0
46738,read,500020672,16,0
46752,read,1593750784,16,0
46903,read,178302976,16,0
46906,write,502149312,16,0
46909,write,1593750784,16,0
46970,write,502149376,16,0
46973,read,178314112,16,0
46976,read,500020672,16,0
47183,read,500020672,16,0
47186,read,178314112,16,0
47295,read,178314112,16,0
47298,read,500020672,16,0
47403,read,178314112,16,0
47406,read,500020672,16,0
47423,read,1593750784,16,0
47554,read,502149376,16,0
47621,write,1593750784,16,0
47624,write,1593750848,16,0
47627,write,502149760,16,0
47687,read,1593750784,16,0
47813,read,502144000,16,0
47816,read,502149376,16,0
47879,write,1593750848,16,0
47921,read,178314112,16,0
47963,read,1593750848,16,0
48009,read,178325312,16,0
48012,read,4195520,16,0
48047,write,1593750848,16,0
48089,read,178361280,16,0
48092,write,1593750784,16,0
48173,read,1593750848,16,0
48219,read,4195520,16,0
48222,read,178361280,16,0
48299,write,1593750848,16,0
48387,read,4195520,16,0
48390,read,178361280,16,0
48513,read,1593750784,16,0
48583,read,502149376,16,0
48649,read,178330880,16,0
48716,write,1593750784,16,0
48719,read,4195520,16,0
48722,read,178375104,16,0
48870,read,4195520,16,0
48873,read,178375104,16,0
48982,read,4195520,16,0
48985,read,178375104,16,0
49094,read,1593750784,16,0
49164,read,502149376,16,0
49230,read,178333696,16,0
49297,write,1593750784,16,0
49300,read,4195520,16,0
49303,read,178381632,16,0
49451,read,4195520,16,0
49454,read,178381632,16,0
49563,read,4195520,16,0
49566,read,178381632,16,0
49569,read,1593750784,16,0
49717,read,502149376,16,0
49783,read,178332288,16,0
49850,write,1593750784,16,0
49853,read,4195520,16,0
49856,read,178378368,16,0
50004,read,4195520,16,0
50007,read,178378368,16,0
50116,read,4195520,16,0
50119,read,178378368,16,0
50228,read,4195520,16,0
50231,read,178378368,16,0
50340,read,1593750784,16,0
50410,read,502149376,16,0
50476,read,178332992,16,0
50546,read,4195520,16,0
50549,read,178379968,16,0
50552,write,1593750784,16,0
50616,read,4195520,16,0
50658,read,178379968,16,0
50784,read,4195520,16,0
50787,read,178379968,16,0
50896,read,1593750784,16,0
50963,read,502149376,16,0
51029,read,178332608,16,0
51099,read,4195520,16,0
51102,read,178379072,16,0
51105,write,1593750784,16,0
51169,read,4195520,16,0
51211,read,178379072,16,0
51337,read,4195520,16,0
51340,read,178379072,16,0
51343,read,1593750784,16,0
51488,read,502149376,16,0
51554,read,178332480,16,0
51624,read,4195520,16,0
51627,read,178378752,16,0
51630,write,1593750784,16,0
51694,read,4195520,16,0
51736,read,178378752,16,0
51862,read,4195520,16,0
51865,read,178378752,16,0
51974,read,1593750784,16,0
52044,read,502149376,16,0
52110,read,178332544,16,0
52180,write,1593750784,16,0
52183,read,4195520,16,0
52186,read,178378944,16,0
52292,read,4195520,16,0
52376,read,4195520,16,0
52379,read,178378944,16,0
52488,read,4195520,16,0
52491,read,178378944,16,0
52494,read,1593750784,16,0
52642,read,502149376,16,0
52708,read,178332480,16,0
52778,write,1593750784,16,0
52781,read,4195520,16,0
52784,read,178378816,16,0
52890,read,4195520,16,0
52974,read,4195520,16,0
52977,read,178378816,16,0
53086,read,4195520,16,0
53089,read,178378816,16,0
53198,read,4195520,16,0
53201,read,178378816,16,0
53310,read,4195520,16,0
53313,read,178378816,16,0
53422,read,4195520,16,0
53425,read,178378816,16,0
53537,read,4195520,16,0
53541,read,178378816,16,0
53544,read,1593750784,16,0
53547,write,1593750848,16,0
53646,read,4195520,16,0
53688,read,502149376,16,0
53813,read,178332480,16,0
53879,read,178378752,16,0
53882,write,1593750784,16,0
53885,read,4195520,16,0
53949,read,178378752,16,0
54075,read,4195520,16,0
54078,read,178378752,16,0
54187,read,4195520,16,0
54190,read,178378752,16,0
54193,read,1593750784,16,0
54196,read,1593750848,16,0
54338,read,502149376,16,0
54383,read,1593750848,16,0
54421,read,178332480,16,0
54509,read,1593750848,16,0
54575,read,178332480,16,0
54642,read,502143936,16,0
54708,read,178332480,16,0
54775,read,502144000,16,0
54842,read,502143936,16,0
54845,read,1593750848,16,0
54848,read,1593750912,16,0
54851,read,1593750976,16,0
54996,read,502150784,16,0
55080,write,1593750912,16,0
55083,write,1593750848,16,0
55086,read,502144192,16,0
55231,write,1593750784,16,0
55234,write,1593750848,16,0
55297,read,1593750784,16,0
55382,write,502149760,16,0
55385,write,1593750784,16,0
55388,write,1593751040,16,0
55490,read,1593750784,16,0
55578,write,1593750784,16,0
55581,read,1593751040,16,0
55584,read,500016128,16,0
55728,read,1593751040,16,0
55731,read,500016128,16,0
55748,read,1593750784,16,0
55878,read,1593751040,16,0
55882,write,1593750784,16,0
55948,read,1593751040,16,0
55951,read,500016128,16,0
56070,read,1593751040,16,0
56073,read,500016128,16,0
56080,read,1593750784,16,0
56220,read,1593751040,16,0
56224,read,1593751104,16,0
56332,write,1593750848,16,0
56398,read,1593750848,16,0
56464,read,1593751104,16,0
56468,read,1593751168,16,0
56471,read,1593751232,16,0
56474,read,1593750848,16,0
56534,read,1593751296,16,0
56660,read,1593750848,16,0
56744,read,1593750848,16,0
56814,read,1593751360,16,0
56817,read,1593751424,16,0
56884,read,1593751360,16,0
56926,write,1593750784,16,0
56964,read,1593751040,16,0
57049,write,1593750784,16,0
57055,read,1593751680,16,0
57058,read,500016128,16,0
57157,write,1593750720,16,0
57241,read,1593750720,16,0
57311,read,1593750784,16,0
57377,read,1593751680,16,0
57447,write,1593750784,16,0
57454,read,500016128,16,0
57457,read,1593751680,16,0
57513,read,1593750784,16,0
57639,read,1593751680,16,0
57642,read,1593751744,16,0
57706,read,502143936,16,0
57793,read,1593750848,16,0
57796,read,1593750912,16,0
57905,write,1593750912,16,0
57908,read,178378816,16,0
57911,read,178378880,16,0
58065,read,1593750912,16,0
58068,write,1593750976,16,0
58132,write,1593750912,16,0
58135,read,502145024,16,0
58258,read,502145024,16,0
58324,read,502149568,16,0
58394,write,502149568,16,0
58397,read,1593750912,16,0
58400,read,1593750976,16,0
58503,write,1593750912,16,0
58506,read,178378816,16,0
58548,read,178378880,16,0
58586,read,1593750912,16,0
58589,read,1593750976,16,0
58628,write,178566272,16,0
58712,write,1593751872,16,0
58715,read,502143936,16,0
58881,read,502144512,16,0
58884,write,1593750976,16,0
58887,write,1593750912,16,0
58890,read,1593751872,16,0
58893,write,1593750848,16,0
58896,write,1593750656,16,0
58899,write,1593750528,16,0
58989,read,1593750976,16,0
59242,read,502144960,16,0
59245,read,1593750528,16,0
59248,read,1593750656,16,0
59308,read,502149824,16,0
59351,write,1593750528,16,0
59357,read,1593750976,16,0
59476,read,1593750528,16,0
59561,read,502145088,16,0
59564,read,1593750720,16,0
59627,read,502150592,16,0
59631,read,502149888,16,0
59669,read,502150784,16,0
59753,read,502148352,16,0
59756,read,502148480,16,0
59799,read,502147584,16,0
59921,read,502152064,16,0
59924,read,502152192,16,0
59927,read,502151296,16,0
59930,read,1593750976,16,0
59933,read,1593750912,16,0
60117,read,1593750656,16,0
60156,read,502143936,16,0
60159,read,1593750976,16,0
60162,read,1593750912,16,0
60165,write,1593750528,16,0
60168,write,1593750464,16,0
60197,read,502149824,16,0
60200,read,4195520,16,0
60450,write,1593750528,16,0
60453,write,1593750464,16,0
60495,write,1593750400,16,0
60575,read,1593750464,16,0
60659,read,502144192,16,0
60726,write,1593750464,16,0
60729,read,502145024,16,0
60835,read,502145024,16,0
60902,read,502145024,16,0
60968,read,502149568,16,0
61035,write,502149568,16,0
61038,read,1593750400,16,0
61041,read,1593750464,16,0
61044,write,178566336,16,0
61047,write,178567040,16,0
61186,write,1593750464,16,0
61189,read,4195520,16,0
61192,write,178567488,16,0
61195,write,178567424,16,0
61198,read,178567104,16,0
61201,write,178567296,16,0
61204,write,178567168,16,0
61207,write,178567232,16,0
61311,read,1593750464,16,0
61314,write,178566336,16,0
61479,write,178567104,16,0
61647,read,502143936,16,0
61774,read,502145088,16,0
61840,write,178567168,16,0
61844,read,502150592,16,0
61952,read,178567168,16,0
61955,read,178566272,16,0
61958,write,178567232,16,0
62061,write,1593750464,16,0
62064,read,178566272,16,0
62197,read,1593750464,16,0
62200,write,1593750400,16,0
62264,write,1593750464,16,0
62267,read,502145024,16,0
62390,read,502145024,16,0
62456,read,502149568,16,0
62526,write,502149568,16,0
62529,read,1593750400,16,0
62532,read,1593750464,16,0
62677,write,1593750464,16,0
62680,read,178566272,16,0
62687,read,178567488,16,0
62743,read,1593750464,16,0
62828,read,178567488,16,0
62912,read,178567488,16,0
62982,write,178567104,16,0
62985,read,1593750464,16,0
62988,read,1593750528,16,0
63136,read,1593750656,16,0
63202,read,1593751104,16,0
63205,read,1593751040,16,0
63208,write,1593750656,16,0
63268,write,178566976,16,0
63310,write,1593750720,16,0
63313,read,1593751040,16,0
63394,read,178566976,16,0
63482,read,1593750912,16,0
63485,write,1593750720,16,0
63524,read,1593751104,16,0
63527,read,1593751168,16,0
63562,write,1593750656,16,0
63646,write,178566976,16,0
63692,read,1593751232,16,0
63815,read,502143936,16,0
63818,read,1593751232,16,0
63885,write,1593750144,16,0
63888,read,1593751296,16,0
64008,read,502143936,16,0
64011,read,1593751296,16,0
64078,write,1593750144,16,0
64081,write,1593750208,16,0
64084,read,1593750720,16,0
64087,read,1593751360,16,0
64284,write,178566336,16,0
64287,write,178566976,16,0
64290,read,1593751424,16,0
64438,read,1593751488,16,0
64504,write,178567360,16,0
64508,read,1593751424,16,0
64511,read,1593751488,16,0
64514,read,178567104,16,0
64612,write,178567360,16,0
64697,write,1593750016,16,0
64700,read,502148928,16,0
64823,read,502148992,16,0
64826,read,178566976,16,0
64829,read,1593750016,16,0
64832,read,1593751488,16,0
64889,write,502148992,16,0
64892,write,178567424,16,0
65019,read,1593751552,16,0
65141,write,1593750720,16,0
65145,read,1593751616,16,0
65249,write,178567424,16,0
65257,read,1593750720,16,0
65260,read,1593750144,16,0
65263,read,1593750208,16,0
65357,write,1593750656,16,0
65361,write,1593750592,16,0
65364,write,1593750016,16,0
65367,write,178567168,16,0
65399,read,502144000,16,0
65441,write,1593750720,16,0
65525,read,1593750592,16,0
65567,read,1593750016,16,0
65693,read,1593750720,16,0
65781,read,1593750144,16,0
65784,read,178567104,16,0
65787,read,178566976,16,0
65819,write,178567168,16,0
65822,write,1593750016,16,0
65861,write,178566336,16,0
65903,write,178567104,16,0
66029,read,1593750016,16,0
66071,read,178566336,16,0
66159,read,1593750144,16,0
66197,write,178567168,16,0
66243,read,1593750208,16,0
66246,read,1593750656,16,0
66249,read,178566336,16,0
66252,write,1593750016,16,0
66255,read,178566976,16,0
66449,read,1593750016,16,0
66537,read,178566336,16,0
66540,read,502143936,16,0
66649,write,1593750656,16,0
66652,write,1593750592,16,0
66655,write,1593750016,16,0
66658,read,500018112,16,0
66845,write,178055296,16,0
66848,write,178055360,16,0
66851,write,178055424,16,0
66854,write,178055488,16,0
66857,write,178055552,16,0
66860,write,178055616,16,0
66863,write,178055680,16,0
66866,write,178055744,16,0
66912,write,178055808,16,0
66954,write,178055872,16,0
66996,write,178055936,16,0
67038,write,178056000,16,0
67080,write,178056064,16,0
67122,write,178056128,16,0
67164,write,178056192,16,0
67206,write,178056256,16,0
67248,write,178056320,16,0
67290,write,178056384,16,0
67332,write,178056448,16,0
67374,write,178056512,16,0
67416,write,178056576,16,0
67458,write,178056640,16,0
67500,write,178056704,16,0
67542,write,178056768,16,0
67584,write,178056832,16,0
67626,write,178056896,16,0
67668,write,178056960,16,0
67710,write,178057024,16,0
67752,write,178057088,16,0
67794,write,178057152,16,0
67797,read,500017792,16,0
67800,read,1593750016,16,0
67803,read,1593750208,16,0
67806,read,1593750656,16,0
67809,read,1593750592,16,0
68340,write,1593750016,16,0
68343,read,178566336,16,0
68346,read,1593750656,16,0
68406,read,1593750016,16,0
68536,read,178566336,16,0
68602,write,178566336,16,0
68605,read,178047808,16,0
68714,write,178566400,16,0
68717,read,178047808,16,0
68822,write,178566464,16,0
68826,read,178047808,16,0
68930,write,178566464,16,0
68934,read,178047808,16,0
69042,write,178566592,16,0
69045,read,178047872,16,0
69154,write,178566592,16,0
69157,read,178047872,16,0
69266,write,178566400,16,0
69269,read,178047872,16,0
69385,write,178566976,16,0
69388,read,178047872,16,0
69391,read,178047936,16,0
69493,write,178566400,16,0
69539,write,178566464,16,0
69542,read,178047936,16,0
69661,write,178566464,16,0
69665,read,178047936,16,0
69773,write,178566400,16,0
69776,read,178048000,16,0
69885,write,178566400,16,0
69888,read,178048000,16,0
69997,write,178566528,16,0
70000,read,178048000,16,0
70109,write,178566528,16,0
70112,read,178048000,16,0
70115,read,178048064,16,0
70217,write,178566400,16,0
70259,write,178566464,16,0
70266,read,178048064,16,0
70389,read,178048064,16,0
70392,write,178566656,16,0
70459,read,178048128,16,0
70543,write,178566592,16,0
70546,read,178048128,16,0
70658,read,178048128,16,0
70661,write,178566656,16,0
70731,read,178048128,16,0
70812,read,178048192,16,0
70815,write,178566784,16,0
70882,read,178048192,16,0
70885,read,178566400,16,0
70888,write,178566720,16,0
71004,read,178047872,16,0
71008,read,178047936,16,0
71011,read,178566400,16,0
71088,write,178047872,16,0
71130,write,178047936,16,0
71176,read,178566400,16,0
71214,write,178047872,16,0
71256,write,178047936,16,0
71298,read,178048000,16,0
71302,read,178566528,16,0
71424,write,178048000,16,0
71470,read,178566784,16,0
71473,read,178566976,16,0
71508,write,178048000,16,0
71550,read,178048128,16,0
71554,read,178566528,16,0
71592,read,178047872,16,0
71596,read,178566400,16,0
71676,write,178048128,16,0
71718,read,178048000,16,0
71722,read,178566464,16,0
71725,read,178566592,16,0
71760,write,178047872,16,0
71928,read,178048064,16,0
71970,read,178048128,16,0
72058,read,178566656,16,0
72061,read,178566592,16,0
72064,read,1593750912,16,0
72067,read,178566976,16,0
72096,write,178567296,16,0
72226,read,178567360,16,0
72264,read,178566336,16,0
72267,read,502148928,16,0
72270,read,1593750656,16,0
72390,write,178566976,16,0
72393,write,178567360,16,0
72432,read,1593750720,16,0
72601,write,1593750528,16,0
72604,read,1593750656,16,0
72607,read,178566336,16,0
72667,read,1593750528,16,0
72751,read,178566976,16,0
72794,read,502143936,16,0
72835,read,178047872,16,0
72838,write,178566976,16,0
72878,write,1593750528,16,0
72919,read,174150272,16,0
72922,read,174150336,16,0
72925,write,178567040,16,0
72928,read,1593750912,16,0
72931,read,178566528,16,0
72934,read,178567296,16,0
72937,read,1593750720,16,0
73003,read,1593750528,16,0
73087,write,178567104,16,0
73090,read,1593750976,16,0
73297,write,178567232,16,0
73340,read,502147520,16,0
73343,read,502144000,16,0
73550,write,1593750528,16,0
73553,read,502148928,16,0
73556,read,502147456,16,0
73658,write,1593750528,16,0
73700,write,502147456,16,0
73742,read,1593750528,16,0
73827,read,502145088,16,0
73893,read,502149888,16,0
73896,write,502145088,16,0
73959,read,502147584,16,0
73962,read,1593750528,16,0
74043,read,502151296,16,0
74046,write,178566336,16,0
74085,read,502144192,16,0
74088,read,1593750848,16,0
74128,read,502147456,16,0
74131,read,502148928,16,0
74134,read,1593750912,16,0
74212,read,1593751936,16,0
74215,read,1593752000,16,0
74218,read,1593752256,16,0
74295,write,178567424,16,0
74298,write,502147456,16,0
74421,write,1593752512,16,0
74424,read,1593752448,16,0
74463,write,1593752576,16,0
74505,write,502149312,16,0
74631,read,1593752512,16,0
74634,read,6299136,16,0
74673,write,1593752320,16,0
74676,write,1593752448,16,0
74715,read,1593752576,16,0
74799,read,178567104,16,0
74802,write,1593752256,16,0
75010,write,178567104,16,0
75013,read,6299200,16,0
75139,read,6299200,16,0
75206,read,6299264,16,0
75273,read,6299264,16,0
75340,read,6299328,16,0
75407,read,6299328,16,0
75474,read,6299392,16,0
75541,read,6299392,16,0
75608,read,6299456,16,0
75675,read,6299456,16,0
75679,read,1593752448,16,0
75742,read,6299520,16,0
75783,read,1593752320,16,0
75867,read,1593752256,16,0
75870,write,1593752448,16,0
75975,read,1593752448,16,0
76041,read,1593752256,16,0
76107,read,178566976,16,0
76110,read,1593752448,16,0
76113,read,178567232,16,0
76116,read,178566400,16,0
76119,read,178566336,16,0
76122,write,1593752512,16,0
76219,write,1593752448,16,0
76299,read,178047872,16,0
76341,read,178047808,16,0
76467,write,1593752512,16,0
76510,write,1593752000,16,0
76551,read,1593752512,16,0
76593,read,1593752000,16,0
76635,read,178047808,16,0
76720,read,174239872,16,0
76723,write,1593752512,16,0
76726,write,1593752000,16,0
76729,write,1593751680,16,0
76732,write,1593751744,16,0
76735,read,502147520,16,0
76996,write,1593751680,16,0
76999,read,502149312,16,0
77002,write,1593751744,16,0
77005,write,1593751808,16,0
77062,read,1593751680,16,0
77104,write,1593751936,16,0
77231,write,1593751680,16,0
77234,read,502144192,16,0
77237,read,1593751744,16,0
77314,read,1593751680,16,0
77317,write,502149312,16,0
77357,write,1593751808,16,0
77398,read,1593752512,16,0
77440,read,502144192,16,0
77443,write,1593751680,16,0
77446,write,1593751616,16,0
77566,read,178567104,16,0
77569,read,178566336,16,0
77609,write,1593751808,16,0
77612,write,1593750720,16,0
77615,write,1593750656,16,0
77618,read,1593751744,16,0
77944,write,1593751680,16,0
77947,read,502147392,16,0
78053,read,502145088,16,0
78056,write,1593750592,16,0
78119,read,502150592,16,0
78204,write,1593750592,16,0
78207,read,502149824,16,0
78210,read,174239872,16,0
78213,read,502149888,16,0
78270,read,1593750592,16,0
78354,read,500019584,16,0
78484,read,502151232,16,0
78487,read,174239872,16,0
78490,write,1593750592,16,0
78493,read,502150592,16,0
78496,read,502150016,16,0
78499,read,502149888,16,0
78592,read,502151232,16,0
78634,read,1593750592,16,0
78760,read,502148352,16,0
78887,write,1593750592,16,0
78890,read,502147584,16,0
78893,read,174239872,16,0
78953,read,1593750592,16,0
79037,read,4194816,16,0
79125,read,502149184,16,0
79128,read,174239872,16,0
79131,write,1593750592,16,0
79191,read,502149248,16,0
79233,read,4194816,16,0
79275,read,1593750592,16,0
79402,write,1593750592,16,0
79405,read,174239872,16,0
79510,read,499906368,16,0
79580,read,174239872,16,0
79646,read,499906368,16,0
79716,read,174239872,16,0
79782,read,499906368,16,0
79855,read,174239872,16,0
79921,read,499906368,16,0
79991,read,174239872,16,0
80057,read,499906368,16,0
80127,read,174239872,16,0
80193,read,499906368,16,0
80266,read,174239872,16,0
80332,read,499906368,16,0
80402,read,174239872,16,0
80468,read,499906368,16,0
80538,read,174239872,16,0
80604,read,499906368,16,0
80677,read,174239872,16,0
80743,read,499906368,16,0
80813,read,174239872,16,0
80879,read,499906368,16,0
80949,read,174239872,16,0
81015,read,499906368,16,0
81088,read,174239872,16,0
81154,read,499906368,16,0
81225,read,174239872,16,0
81291,read,499906368,16,0
81361,read,1593750592,16,0
81431,read,1593750592,16,0
81501,read,1593751616,16,0
81504,read,1593751680,16,0
81507,read,1593751936,16,0
81510,read,1593752000,16,0
81567,write,1593752512,16,0
81570,read,1593752448,16,0
81609,write,1593752576,16,0
81651,write,502149312,16,0
81735,read,1593752512,16,0
81819,read,1593752576,16,0
81903,read,502148352,16,0
81949,read,1593752448,16,0
81952,write,1593751936,16,0
81955,write,1593752256,16,0
81958,write,1593752000,16,0
81961,read,178047808,16,0
81987,write,502148352,16,0
82029,write,1593752448,16,0
82201,read,178047808,16,0
82204,read,178047872,16,0
82369,read,178047872,16,0
82439,read,178047936,16,0
82506,read,178047936,16,0
82573,read,178048000,16,0
82640,read,178048000,16,0
82707,read,178048064,16,0
82774,read,178048064,16,0
82841,read,178048128,16,0
82908,read,178048128,16,0
82975,read,178048192,16,0
82978,write,1593751936,16,0
83042,write,1593752000,16,0
83045,read,502145024,16,0
83168,read,502145024,16,0
83234,read,502149568,16,0
83237,read,1593751936,16,0
83301,write,502149568,16,0
83304,write,178567488,16,0
83307,read,1593752000,16,0
83343,write,1593751936,16,0
83426,read,178567488,16,0
83468,write,178567552,16,0
83471,read,178567104,16,0
83474,write,178567232,16,0
83477,read,1593752448,16,0
83510,read,1593751936,16,0
83594,read,178567552,16,0
83720,read,1593752256,16,0
83763,write,1593751936,16,0
83766,write,178567104,16,0
83804,write,178567552,16,0
83846,write,1593752448,16,0
83888,read,1593751936,16,0
84014,read,1593752448,16,0
84098,read,1593751936,16,0
84164,read,502148224,16,0
84167,read,1593752448,16,0
84170,read,502148480,16,0
84173,read,502147648,16,0
84276,read,502148032,16,0
84318,read,1593752448,16,0
84440,read,1593751936,16,0
84507,read,502149760,16,0
84510,write,1593752512,16,0
84513,read,1593752384,16,0
84577,read,1593752448,16,0
84658,write,502149760,16,0
84661,write,1593751936,16,0
84699,read,502150784,16,0
84825,write,1593752448,16,0
84828,write,1593751936,16,0
84831,read,502145024,16,0
84976,read,502145024,16,0
85042,read,502149568,16,0
85109,write,502149568,16,0
85115,read,1593751936,16,0
85217,read,1593752448,16,0
85221,read,1593752384,16,0
85224,write,1593752512,16,0
85283,write,502150528,16,0
85325,read,1593752320,16,0
85409,read,502150528,16,0
85451,read,502150592,16,0
85454,read,1593752256,16,0
85493,write,178567616,16,0
85535,write,502150592,16,0
85577,read,178567104,16,0
85580,read,1593751936,16,0
85583,write,1593752512,16,0
85703,write,178567104,16,0
85745,write,178567616,16,0
85748,read,502148352,16,0
85751,read,502143936,16,0
85754,read,1593752448,16,0
85913,write,502148352,16,0
85959,read,1593752512,16,0
85997,read,502150528,16,0
86000,read,502150784,16,0
86081,write,1593752448,16,0
86123,read,178567616,16,0
86250,write,1593751936,16,0
86253,read,178567616,16,0
86260,read,1593752512,16,0
86263,write,1593752448,16,0
86316,read,1593751936,16,0
86358,write,178567552,16,0
86488,write,1593751872,16,0
86491,write,1593752384,16,0
86494,read,500017792,16,0
86497,write,1593751936,16,0
86500,read,1593752512,16,0
86526,read,178567552,16,0
86568,read,1593751872,16,0
86610,read,1593752384,16,0
86736,write,1593752448,16,0
86862,read,1593751936,16,0
86904,read,1593752448,16,0
86946,write,1593751936,16,0
86989,read,178567552,16,0
87072,read,502148480,16,0
87142,read,1593752512,16,0
87212,write,1593752384,16,0
87215,write,1593751872,16,0
87218,write,1593751936,16,0
87221,read,1593752448,16,0
87224,read,1593752512,16,0
87278,read,1593752384,16,0
87320,read,1593751872,16,0
87404,write,178567552,16,0
87407,read,502150592,16,0
87410,write,502150784,16,0
87447,read,1593752576,16,0
87488,read,1593751936,16,0
87534,read,1593752640,16,0
87614,write,502150592,16,0
87698,read,502150528,16,0
87740,write,1593751936,16,0
87782,read,502144256,16,0
87870,read,178567616,16,0
87873,read,502147584,16,0
87950,write,502144256,16,0
87992,read,502148352,16,0
87995,read,178567104,16,0
87998,read,502150592,16,0
88001,read,502150528,16,0
88034,write,502149888,16,0
88037,write,502151296,16,0
88040,read,1593752896,16,0
88118,write,502148352,16,0
88160,write,178567104,16,0
88202,write,502150592,16,0
88244,read,178567616,16,0
88539,write,502147584,16,0
88542,read,178566336,16,0
88545,read,502144064,16,0
88693,read,502147584,16,0
88696,write,1593752704,16,0
88699,write,178566336,16,0
88702,read,1593752896,16,0
88705,write,1593752576,16,0
88708,write,1593752640,16,0
88760,read,502147520,16,0
88886,write,1593752896,16,0
89011,write,1593752576,16,0
89014,read,502149312,16,0
89053,read,1593752896,16,0
89056,write,1593752512,16,0
89095,read,1593752576,16,0
89263,read,502149376,16,0
89266,write,1593752576,16,0
89269,read,502145088,16,0
89417,read,502150592,16,0
89487,write,1593752512,16,0
89490,write,1593752448,16,0
89493,read,502149952,16,0
89496,write,1593752384,16,0
89499,read,502150208,16,0
89637,read,6299264,16,0
89641,read,502149824,16,0
89721,write,1593752320,16,0
89724,read,6299456,16,0
89763,write,1593752384,16,0
89889,read,4195776,16,0
89931,read,1593752384,16,0
89977,read,502149888,16,0
89980,write,1593752320,16,0
90015,read,4195776,16,0
90058,read,502145088,16,0
90141,read,1593752384,16,0
90183,read,502149824,16,0
90186,write,1593752320,16,0
90189,write,1593752256,16,0
90192,read,502149888,16,0
90225,write,1593752384,16,0
90351,read,1593752256,16,0
90435,read,1593752384,16,0
90519,write,1593752256,16,0
90522,read,4195520,16,0
90627,read,500019584,16,0
90697,read,502151232,16,0
90700,write,1593752256,16,0
90703,read,4195520,16,0
90706,read,1593752320,16,0
90709,read,502149888,16,0
90805,read,1593752256,16,0
90847,read,502151232,16,0
90889,write,1593752320,16,0
90935,read,502151296,16,0
90938,read,4195520,16,0
90973,read,1593752256,16,0
91141,read,500019584,16,0
91229,read,502152384,16,0
91232,read,4195520,16,0
91235,write,1593752256,16,0
91337,read,502152448,16,0
91425,read,4195520,16,0
91491,read,502152448,16,0
91561,read,4195520,16,0
91564,read,1593752256,16,0
91567,read,502152384,16,0
91570,read,1593752320,16,0
91573,read,502151296,16,0
91627,read,502152448,16,0
91799,write,1593752320,16,0
91802,write,1593752256,16,0
91805,read,178566336,16,0
91808,read,4195520,16,0
91921,read,1593752256,16,0
92005,read,178566272,16,0
92093,read,178567424,16,0
92096,write,1593752256,16,0
92099,read,4195520,16,0
92243,read,178567488,16,0
92313,read,4195520,16,0
92379,read,178567488,16,0
92449,read,4195520,16,0
92515,read,178567488,16,0
92585,read,4195520,16,0
92651,read,178567488,16,0
92724,read,4195520,16,0
92790,read,178567488,16,0
92860,read,4195520,16,0
92926,read,178567488,16,0
92996,read,4195520,16,0
93062,read,178567488,16,0
93135,read,4195520,16,0
93201,read,178567488,16,0
93271,read,1593752256,16,0
93274,read,1593752320,16,0
93383,read,1593752384,16,0
93386,read,502149824,16,0
93389,read,178566336,16,0
93392,read,502149888,16,0
93449,read,4195776,16,0
93453,read,1593752384,16,0
93491,read,500019584,16,0
93617,read,4195776,16,0
93620,write,1593752320,16,0
93623,write,1593752256,16,0
93626,read,178566400,16,0
93659,write,1593752128,16,0
93662,read,178566656,16,0
93702,read,502144192,16,0
93705,read,502143936,16,0
93743,read,1593752384,16,0
93869,read,178047872,16,0
93953,read,178048064,16,0
93995,read,1593753216,16,0
94163,read,178566336,16,0
94247,read,174244480,16,0
94313,read,174244480,16,0
94317,read,174244544,16,0
94421,read,174244544,16,0
94487,read,174244544,16,0
94491,read,174244608,16,0
94595,read,174244608,16,0
94661,read,174244608,16,0
94665,read,174244672,16,0
94773,read,174244672,16,0
94776,write,1593752128,16,0
94779,read,4195712,16,0
94839,read,174244672,16,0
94965,read,174239936,16,0
95035,read,4195712,16,0
95101,read,174239936,16,0
95171,read,4195712,16,0
95237,read,174239936,16,0
95307,read,174239936,16,0
95377,read,4195712,16,0
95443,read,174239936,16,0
95513,read,4195712,16,0
95579,read,174239936,16,0
95649,read,4195712,16,0
95715,read,174239936,16,0
95785,read,174239936,16,0
95855,read,4195712,16,0
95921,read,174239936,16,0
95991,read,4195712,16,0
96057,read,174239936,16,0
96127,read,4195712,16,0
96193,read,174239936,16,0
96263,read,174239936,16,0
96333,read,1593752128,16,0
96336,read,1593752256,16,0
96403,read,1593752320,16,0
96441,read,4195776,16,0
96444,read,502149824,16,0
96447,read,178566336,16,0
96450,read,502149888,16,0
96483,read,1593752320,16,0
96486,read,1593752384,16,0
96525,read,4195776,16,0
96567,read,500019584,16,0
96777,read,1593752384,16,0
96780,write,1593752320,16,0
96820,read,502144192,16,0
96823,write,1593752256,16,0
96826,read,502143936,16,0
96829,read,178566400,16,0
96832,write,1593752128,16,0
96835,read,178566656,16,0
96945,read,1593753216,16,0
97071,read,178047872,16,0
97155,read,178048064,16,0
97281,read,178566336,16,0
97347,read,174244480,16,0
97413,read,174244480,16,0
97417,read,174244544,16,0
97420,write,1593752128,16,0
97423,read,4195712,16,0
97521,read,174244544,16,0
97647,read,174239872,16,0
97717,read,174239872,16,0
97787,read,4195712,16,0
97853,read,174239872,16,0
97923,read,4195712,16,0
97989,read,174239872,16,0
98059,read,4195712,16,0
98125,read,174239872,16,0
98195,read,174239872,16,0
98265,read,4195712,16,0
98331,read,174239872,16,0
98401,read,4195712,16,0
98467,read,174239872,16,0
98537,read,4195712,16,0
98603,read,174239872,16,0
98673,read,174239872,16,0
98676,read,4195712,16,0
98781,read,174239872,16,0
98851,read,4195712,16,0
98917,read,174239872,16,0
98987,read,1593752128,16,0
98990,read,1593752256,16,0
99057,read,1593752320,16,0
99095,read,4195776,16,0
99137,read,1593752384,16,0
99140,read,1593752320,16,0
99183,write,1593752256,16,0
99221,read,4195776,16,0
99348,write,1593752320,16,0
99351,read,502145024,16,0
99457,read,502145024,16,0
99524,read,502145024,16,0
99590,read,502149568,16,0
99660,write,502149568,16,0
99663,read,1593752256,16,0
99666,read,1593752320,16,0
99669,write,502150592,16,0
99672,read,502150272,16,0
99810,read,1593752320,16,0
99814,read,1593752384,16,0
99894,read,6299520,16,0
99936,read,6299456,16,0
100020,write,502150656,16,0
100062,read,502149824,16,0
100146,read,4195776,16,0
100212,read,4195776,16,0
100279,write,178567680,16,0
100282,read,4195776,16,0
100387,write,178567680,16,0
100390,read,4195776,16,0
100393,read,1593752320,16,0
100496,write,178567680,16,0
100499,read,1593752448,16,0
100502,read,1593752512,16,0
100621,read,502149888,16,0
100664,write,1593752512,16,0
100705,read,502152064,16,0
100790,write,1593752512,16,0
100793,write,1593752448,16,0
100796,read,502151360,16,0
100799,write,1593752384,16,0
100802,read,502151616,16,0
100940,read,502144256,16,0
101024,write,1593752320,16,0
101066,write,1593752384,16,0
101108,read,1593752320,16,0
101192,read,1593832640,16,0
101258,read,502151232,16,0
101324,read,1593832128,16,0
101390,read,1593832192,16,0
101460,write,1593752320,16,0
101463,read,502145024,16,0
101466,write,1593752256,16,0
101569,read,502145024,16,0
101653,read,502145024,16,0
101719,read,502149568,16,0
101789,write,502149568,16,0
101792,read,1593752256,16,0
101795,read,1593752320,16,0
101798,write,502152000,16,0
101801,read,502151744,16,0
101939,read,1593752320,16,0
101943,read,1593752384,16,0
102023,read,502144320,16,0
102069,read,1593832640,16,0
102149,write,502152064,16,0
102191,read,502151232,16,0
102275,read,1593832128,16,0
102341,read,1593832128,16,0
102345,read,1593832192,16,0
102411,read,1593752448,16,0
102449,read,1593832192,16,0
102452,write,178567744,16,0
102455,read,1593752512,16,0
102491,read,502151296,16,0
102659,read,178567104,16,0
102726,write,1593752512,16,0
102729,write,1593752448,16,0
102732,read,178566400,16,0
102735,write,1593752384,16,0
102876,read,178047872,16,0
102880,read,178566656,16,0
102960,write,1593752384,16,0
103002,write,1593752320,16,0
103006,read,178048128,16,0
103009,read,178566336,16,0
103170,read,174245184,16,0
103173,write,1593752384,16,0
103240,read,178566336,16,0
103278,read,1593752384,16,0
103321,read,502145088,16,0
103362,read,174245184,16,0
103408,write,1593752320,16,0
103411,read,502149824,16,0
103414,write,1593752256,16,0
103446,read,1593752384,16,0
103572,read,1593752256,16,0
103614,write,1593752384,16,0
103698,read,1593752384,16,0
103764,write,1593752256,16,0
103767,read,174239872,16,0
103872,read,500019584,16,0
103942,read,502149888,16,0
103945,read,174239872,16,0
104008,read,502151232,16,0
104011,read,502149888,16,0
104014,write,1593752256,16,0
104017,read,1593752320,16,0
104092,read,502151232,16,0
104176,read,1593752256,16,0
104222,write,1593752320,16,0
104225,read,502151296,16,0
104228,read,174239872,16,0
104302,read,1593752256,16,0
104386,read,502152384,16,0
104428,read,500019584,16,0
104558,write,1593752256,16,0
104561,read,174239872,16,0
104666,read,502152448,16,0
104736,read,1593752256,16,0
104739,read,502152384,16,0
104742,read,1593752320,16,0
104745,read,502151296,16,0
104886,write,1593752320,16,0
104932,write,1593752256,16,0
104935,read,178566336,16,0
104938,read,174239872,16,0
105012,read,1593752256,16,0
105096,read,178566272,16,0
105184,read,178567424,16,0
105187,read,174239872,16,0
105190,write,1593752256,16,0
105292,read,178567488,16,0
105380,read,174239872,16,0
105383,read,1593752256,16,0
105386,read,178567424,16,0
105389,read,1593752320,16,0
105392,read,178566336,16,0
105446,read,178567488,16,0
105618,write,1593752320,16,0
105621,write,1593752256,16,0
105624,read,502147584,16,0
105627,read,174239872,16,0
105740,read,1593752256,16,0
105782,read,502149184,16,0
105824,read,4194816,16,0
105954,write,1593752256,16,0
105957,read,174239872,16,0
105960,read,502149184,16,0
106020,read,1593752256,16,0
106062,read,4194816,16,0
106104,read,502149248,16,0
106192,read,174239872,16,0
106195,write,1593752256,16,0
106272,read,499906368,16,0
106360,read,174239872,16,0
106426,read,499906368,16,0
106496,read,499906368,16,0
106566,read,174239872,16,0
106632,read,499906368,16,0
106702,read,174239872,16,0
106768,read,499906368,16,0
106838,read,174239872,16,0
106904,read,499906368,16,0
106974,read,499906368,16,0
107044,read,174239872,16,0
107110,read,499906368,16,0
107180,read,174239872,16,0
107246,read,499906368,16,0
107316,read,174239872,16,0
107382,read,499906368,16,0
107452,read,174239872,16,0
107518,read,499906368,16,0
107588,read,174239872,16,0
107654,read,499906368,16,0
107724,read,499906368,16,0
107794,read,174239872,16,0
107860,read,499906368,16,0
107930,read,174239872,16,0
107996,read,499906368,16,0
108066,read,174239872,16,0
108132,read,499906368,16,0
108202,read,499906368,16,0
108205,read,174239872,16,0
108208,read,1593752256,16,0
108310,read,499906368,16,0
108398,read,1593752256,16,0
108401,read,1593752320,16,0
108506,read,1593752384,16,0
108510,read,178566336,16,0
108513,read,502147584,16,0
108572,read,174245184,16,0
108575,write,1593752320,16,0
108614,read,178566272,16,0
108617,write,1593752256,16,0
108698,read,174245184,16,0
108701,read,502147648,16,0
108704,write,1593752128,16,0
108707,read,502147904,16,0
108783,write,1593752320,16,0
108786,read,502143936,16,0
108866,read,1593752384,16,0
108908,read,502144640,16,0
108992,read,502144832,16,0
109202,read,502147520,16,0
109268,read,499906496,16,0
109334,read,499906496,16,0
109400,read,499906496,16,0
109403,read,499906560,16,0
109406,write,1593752128,16,0
109409,read,174239872,16,0
109508,read,499906560,16,0
109634,read,499906368,16,0
109704,read,174239936,16,0
109770,read,499906368,16,0
109840,read,174239936,16,0
109906,read,499906368,16,0
109976,read,174239936,16,0
110042,read,499906368,16,0
110115,read,174239936,16,0
110181,read,499906368,16,0
110251,read,1593752128,16,0
110254,read,1593752256,16,0
110321,read,1593752320,16,0
110359,read,174245184,16,0
110362,read,178566336,16,0
110365,read,502147584,16,0
110401,read,1593752384,16,0
110404,write,1593752320,16,0
110443,read,174245184,16,0
110446,read,174245248,16,0
110449,write,1593752256,16,0
110485,read,178566272,16,0
110527,read,502147648,16,0
110530,read,502147904,16,0
110569,write,1593752128,16,0
110653,write,1593752320,16,0
110695,read,1593752384,16,0
110780,read,502143936,16,0
110821,read,502144640,16,0
111035,read,502144832,16,0
111115,read,502147520,16,0
111181,read,499906496,16,0
111247,read,499906496,16,0
111317,read,499906496,16,0
111320,read,499906560,16,0
111425,read,499906560,16,0
111495,read,499906624,16,0
111498,write,1593752128,16,0
111501,read,174240064,16,0
111561,read,499906624,16,0
111687,read,499906368,16,0
111757,read,174240064,16,0
111823,read,499906368,16,0
111893,read,499906368,16,0
111963,read,174240064,16,0
112029,read,499906368,16,0
112099,read,174240064,16,0
112165,read,499906368,16,0
112235,read,174240064,16,0
112301,read,499906368,16,0
112371,read,499906368,16,0
112441,read,174240064,16,0
112507,read,499906368,16,0
112510,read,499906432,16,0
112619,read,174240064,16,0
112685,read,499906432,16,0
112755,read,174240064,16,0
112821,read,499906432,16,0
112891,read,174240064,16,0
112957,read,499906432,16,0
113027,read,1593752128,16,0
113097,read,1593752256,16,0
113100,read,1593752320,16,0
113163,read,174245184,16,0
113166,read,174245248,16,0
113205,read,1593752384,16,0
113293,read,1593752320,16,0
113331,read,174245184,16,0
113373,read,178048064,16,0
113457,read,178566336,16,0
113523,read,174244480,16,0
113589,read,174244480,16,0
113592,read,174244544,16,0
113697,read,174244544,16,0
113763,read,174244544,16,0
113766,read,174244608,16,0
113871,read,174244608,16,0
113937,read,174244672,16,0
114003,read,174244672,16,0
114069,read,174244736,16,0
114135,read,174244736,16,0
114201,read,174244800,16,0
114267,read,174244800,16,0
114270,read,174244864,16,0
114375,read,174244864,16,0
114441,read,174244864,16,0
114444,read,174244928,16,0
114549,read,174244928,16,0
114615,read,174244992,16,0
114681,read,174244992,16,0
114747,read,174245056,16,0
114813,read,174245056,16,0
114879,read,174245120,16,0
114945,read,174245120,16,0
114948,read,174245184,16,0
115057,write,1593752320,16,0
115060,read,502145024,16,0
115063,write,1593752256,16,0
115166,read,502145024,16,0
115250,read,502145024,16,0
115316,read,502149568,16,0
115386,write,502149568,16,0
115390,read,1593752256,16,0
115393,read,1593752320,16,0
115396,write,178567040,16,0
115399,read,178566784,16,0
115536,read,1593752320,16,0
115540,read,1593752384,16,0
115620,read,178048128,16,0
115746,write,178567104,16,0
115749,read,178566336,16,0
115854,read,174245184,16,0
115920,read,174245184,16,0
115990,read,174245184,16,0
115993,write,178568320,16,0
116056,read,174245184,16,0
116144,read,174245248,16,0
116147,read,174245184,16,0
116150,write,178568320,16,0
116210,write,178568256,16,0
116214,read,1593752320,16,0
116217,read,1593752384,16,0
116382,read,178048064,16,0
116462,read,178566336,16,0
116528,read,174244480,16,0
116594,read,174244480,16,0
116597,read,174244544,16,0
116664,write,178567808,16,0
116667,write,178567872,16,0
116702,read,174244544,16,0
116828,write,178567808,16,0
116832,read,174244544,16,0
116936,read,174244544,16,0
116939,read,174244608,16,0
116942,write,178567872,16,0
117044,read,174244608,16,0
117128,write,178567872,16,0
117132,read,174244608,16,0
117236,read,174244608,16,0
117239,read,174244672,16,0
117242,write,178567936,16,0
117245,write,178567872,16,0
117344,read,174244672,16,0
117470,write,178567936,16,0
117474,read,174244672,16,0
117578,read,174244736,16,0
117581,write,178567936,16,0
117644,read,174244736,16,0
117648,write,178568000,16,0
117728,read,174244736,16,0
117816,read,174244736,16,0
117882,read,174244800,16,0
117885,write,178568000,16,0
117948,read,174244800,16,0
117951,write,178568064,16,0
117954,read,174244864,16,0
118032,write,178568000,16,0
118116,write,178568064,16,0
118119,read,174244864,16,0
118242,read,174244864,16,0
118245,read,174244928,16,0
118248,write,178568064,16,0
118309,write,178568128,16,0
118350,read,174244928,16,0
118476,read,174244928,16,0
118479,write,178568064,16,0
118482,read,174244992,16,0
118485,write,178568128,16,0
118626,read,174244992,16,0
118710,read,174244992,16,0
118713,write,178568128,16,0
118716,read,174245056,16,0
118719,write,178568192,16,0
118860,read,174245056,16,0
118944,read,174245120,16,0
118947,write,178568192,16,0
118950,write,178568256,16,0
119010,read,174245120,16,0
119013,read,174245184,16,0
119016,read,1593752448,16,0
119136,write,178568256,16,0
119178,read,174245184,16,0
119182,read,1593752512,16,0
119220,read,178566336,16,0
119304,write,178568256,16,0
119388,read,502148352,16,0
119473,write,1593752512,16,0
119476,write,1593752448,16,0
119479,read,502147648,16,0
119482,write,1593752384,16,0
119623,read,502144640,16,0
119627,read,502147904,16,0
119707,write,1593752384,16,0
119749,write,1593752320,16,0
119833,read,1593752320,16,0
119899,read,502144832,16,0
119965,read,502147520,16,0
120031,read,499906496,16,0
120097,read,499906496,16,0
120163,read,499906496,16,0
120166,read,499906560,16,0
120271,read,499906560,16,0
120337,read,499906624,16,0
120407,write,1593752320,16,0
120410,read,502145024,16,0
120413,write,1593752256,16,0
120516,read,502145024,16,0
120600,read,502145024,16,0
120666,read,502149568,16,0
120733,write,502149568,16,0
120739,read,1593752256,16,0
120742,read,1593752320,16,0
120745,write,502148288,16,0
120748,read,502148032,16,0
120883,read,1593752320,16,0
120887,read,1593752384,16,0
120967,read,502144832,16,0
121093,write,502148352,16,0
121096,read,502147520,16,0
121201,read,499906496,16,0
121267,read,499906496,16,0
121337,read,499906496,16,0
121403,read,499906496,16,0
121406,read,499906560,16,0
121409,write,178568384,16,0
121473,write,178568448,16,0
121511,read,499906560,16,0
121637,read,499906560,16,0
121640,write,178568384,16,0
121643,read,499906624,16,0
121646,write,178568448,16,0
121787,read,499906624,16,0
121791,read,1593752448,16,0
121871,write,178568448,16,0
121875,read,1593752512,16,0
121913,read,502147584,16,0
122043,read,1593752512,16,0
122046,read,1593752576,16,0
122049,read,1593752640,16,0
122109,write,502149312,16,0
122151,write,502149376,16,0
122194,read,502148992,16,0
122235,write,1593752704,16,0
122319,write,502148992,16,0
122322,write,1593752640,16,0
122325,read,502145024,16,0
122403,write,1593752576,16,0
122488,read,502145024,16,0
122572,read,502145024,16,0
122638,read,502149568,16,0
122708,write,502149568,16,0
122711,read,502143936,16,0
122714,write,1593752576,16,0
122858,read,1593752576,16,0
122925,read,502149568,16,0
122928,read,1593752576,16,0
122931,read,1593752640,16,0
122991,read,502149568,16,0
123075,read,502145216,16,0
123117,write,502149568,16,0
123120,write,502148992,16,0
123123,write,174080000,16,0
123160,read,502145088,16,0
123327,read,502150912,16,0
123330,read,502149888,16,0
123435,read,502152320,16,0
123438,read,502151296,16,0
123543,read,178567360,16,0
123613,read,178566336,16,0
123616,write,174080000,16,0
123679,read,502148608,16,0
123682,read,502147584,16,0
123809,write,1593752640,16,0
123812,write,1593752576,16,0
123815,read,502148992,16,0
123959,read,174080000,16,0
124029,read,178567360,16,0
124099,write,178567424,16,0
124102,read,174080000,16,0
124105,read,1593752576,16,0
124108,read,1593752640,16,0
124208,write,502148992,16,0
124249,write,1593752576,16,0
124292,write,1593752640,16,0
124295,read,502145024,16,0
124333,read,502148992,16,0
124459,read,502149568,16,0
124501,write,1593752576,16,0
124544,write,502149568,16,0
124547,read,502143936,16,0
124585,read,1593752576,16,0
124712,read,502149568,16,0
124715,read,1593752576,16,0
124778,read,502149568,16,0
124862,write,502149568,16,0
124933,read,502148992,16,0
124937,write,1593752576,16,0
124940,read,502145024,16,0
125084,read,502145024,16,0
125151,read,502145024,16,0
125217,read,502149568,16,0
125287,write,502149568,16,0
125290,read,502143936,16,0
125293,write,1593752576,16,0
125437,read,1593752576,16,0
125504,read,502149568,16,0
125507,read,1593752576,16,0
125510,read,1593752640,16,0
125513,write,174061312,16,0
125516,write,502149312,16,0
125570,read,502149568,16,0
125742,write,1593752640,16,0
125745,read,502144512,16,0
125780,write,502149568,16,0
125783,write,174055424,16,0
125786,write,174061312,16,0
125864,read,1593753664,16,0
125867,read,502144192,16,0
125990,read,174061312,16,0
126032,write,1593752640,16,0
126035,read,1593752896,16,0
126075,read,502144512,16,0
126116,write,502148992,16,0
126158,read,502150464,16,0
126161,read,502150528,16,0
126242,read,1593753728,16,0
126245,write,502144512,16,0
126327,read,502143936,16,0
126330,write,502145088,16,0
126333,read,502147520,16,0
126368,read,502150528,16,0
126371,write,1593752704,16,0
126374,read,502150784,16,0
126410,write,174061312,16,0
126413,write,502144192,16,0
126495,read,502144000,16,0
126578,write,502144064,16,0
126704,read,178567552,16,0
126831,read,502143936,16,0
126834,write,1593752704,16,0
126914,read,502147584,16,0
126917,read,502148352,16,0
126920,read,502148608,16,0
126923,read,502150784,16,0
126956,write,502143936,16,0
127040,read,502149184,16,0
127082,write,502148352,16,0
127166,read,178567552,16,0
127250,write,502149248,16,0
127253,read,1593752704,16,0
127334,read,178566336,16,0
127337,read,178567104,16,0
127340,read,178567232,16,0
127380,write,1593752640,16,0
127383,write,1593752576,16,0
127418,write,1593752448,16,0
127460,read,178567424,16,0
127502,write,178567104,16,0
127713,read,502143936,16,0
127716,write,1593752640,16,0
127719,read,178566592,16,0
127722,read,178566528,16,0
127797,write,1593752448,16,0
127800,read,502144192,16,0
127803,write,1593752384,16,0
127806,read,178566400,16,0
128007,write,1593752448,16,0
128090,read,178047872,16,0
128132,read,1593752448,16,0
128217,read,502143936,16,0
128287,write,1593752448,16,0
128290,read,178566528,16,0
128293,read,178566400,16,0
128399,read,1593752448,16,0
128437,read,178047936,16,0
128521,read,178049024,16,0
128591,read,178566976,16,0
128594,write,178049024,16,0
128597,read,178566400,16,0
128600,read,178566464,16,0
128741,read,178048000,16,0
128745,read,178566720,16,0
128783,read,178048064,16,0
128825,write,1593752512,16,0
128871,read,178048192,16,0
128874,read,178566528,16,0
128994,write,1593752512,16,0
129035,read,178048000,16,0
129039,read,178566400,16,0
129042,write,1593752576,16,0
129045,read,178566336,16,0
129077,read,1593752512,16,0
129161,read,178048000,16,0
129164,read,178047936,16,0
129287,read,1593752512,16,0
129371,write,1593752448,16,0
129413,read,1593752512,16,0
129417,read,174245248,16,0
129543,read,174245248,16,0
129609,write,178034432,16,0
129613,read,174245248,16,0
129616,read,174245312,16,0
129763,write,178034432,16,0
129766,read,174245312,16,0
129875,write,178034432,16,0
129878,read,174245312,16,0
129987,write,178034432,16,0
129990,read,174245376,16,0
130095,write,178034432,16,0
130099,read,174245376,16,0
130203,write,178034432,16,0
130207,read,174245376,16,0
130315,read,174245440,16,0
130381,write,178034496,16,0
130385,read,174245440,16,0
130388,read,174245504,16,0
130489,write,178034496,16,0
130532,read,174245504,16,0
130535,read,174245568,16,0
130615,write,178034496,16,0
130658,read,174245632,16,0
130661,read,174245696,16,0
130741,write,178034560,16,0
130784,read,174245696,16,0
130787,read,174245760,16,0
130867,write,178034560,16,0
130910,read,174245824,16,0
130913,read,174245888,16,0
130993,write,178034624,16,0
131036,read,174245888,16,0
131039,read,174245952,16,0
131119,write,178034624,16,0
131162,read,174246016,16,0
131165,read,174246080,16,0
131245,write,178034688,16,0
131288,read,174246080,16,0
131291,read,174246144,16,0
131371,write,178034688,16,0
131413,write,178034752,16,0
131416,read,174246208,16,0
131419,read,174246272,16,0
131539,write,178034752,16,0
131581,write,178034816,16,0
131584,read,174246272,16,0
131587,read,174246336,16,0
131707,write,178034816,16,0
131750,read,174246400,16,0
131753,read,174246464,16,0
131833,write,178034816,16,0
131836,write,178034880,16,0
131876,read,174246464,16,0
131879,read,174246528,16,0
132001,write,178034944,16,0
132044,read,174246592,16,0
132047,read,174246656,16,0
132127,write,178034944,16,0
132130,write,178035008,16,0
132170,read,174246656,16,0
132173,read,174246720,16,0
132295,write,178035072,16,0
132338,read,174246784,16,0
132341,read,174246848,16,0
132421,write,178035072,16,0
132424,write,178035136,16,0
132464,read,174246848,16,0
132467,read,174246912,16,0
132589,write,178035136,16,0
132632,read,174246976,16,0
132635,read,174247040,16,0
132715,write,178035136,16,0
132718,write,178035200,16,0
132758,read,174247040,16,0
132761,read,174247104,16,0
132883,write,178035200,16,0
132926,read,174247168,16,0
132929,read,174247232,16,0
133009,write,178035200,16,0
133012,write,178035264,16,0
133052,read,174247232,16,0
133055,read,174247296,16,0
133177,write,178035264,16,0
133220,read,174247360,16,0
133223,read,174247424,16,0
133303,write,178035264,16,0
133306,write,178035328,16,0
133346,read,174247424,16,0
133349,read,174247488,16,0
133471,write,178035328,16,0
133514,read,174247552,16,0
133517,read,174247616,16,0
133597,write,178035328,16,0
133600,write,178035392,16,0
133640,read,174247616,16,0
133643,read,174247680,16,0
133765,write,178035392,16,0
133808,read,174247744,16,0
133811,read,174247808,16,0
133891,write,178035392,16,0
133894,write,178035456,16,0
133934,read,174247808,16,0
133937,read,174247872,16,0
134059,write,178035456,16,0
134102,read,174247936,16,0
134105,read,174248000,16,0
134185,write,178035456,16,0
134188,write,178035520,16,0
134228,read,174248000,16,0
134231,read,174248064,16,0
134353,write,178035520,16,0
134396,read,174248128,16,0
134399,read,174248192,16,0
134479,write,178035584,16,0
134522,read,174248192,16,0
134525,read,174248256,16,0
134605,write,178035584,16,0
134648,read,174248320,16,0
134651,read,174248384,16,0
134731,write,178035648,16,0
134774,read,174248384,16,0
134777,read,174248448,16,0
134857,write,178035648,16,0
134900,read,174248512,16,0
134903,read,174248576,16,0
134983,write,178035712,16,0
135026,read,174248576,16,0
135029,read,174248640,16,0
135109,write,178035712,16,0
135152,read,174248704,16,0
135155,read,174248768,16,0
135235,write,178035776,16,0
135278,read,174248768,16,0
135281,read,174248832,16,0
135361,write,178035776,16,0
135404,read,174248896,16,0
135407,read,174248960,16,0
135487,write,178035840,16,0
135530,read,174248960,16,0
135533,read,174249024,16,0
135613,write,178035840,16,0
135656,read,174249088,16,0
135659,read,174249152,16,0
135739,write,178035904,16,0
135782,read,174249152,16,0
135785,read,174249216,16,0
135865,write,178035904,16,0
135908,read,174249280,16,0
135911,read,174249344,16,0
135991,write,178035968,16,0
136034,read,174249344,16,0
136037,read,174249408,16,0
136117,write,178035968,16,0
136160,read,174249472,16,0
136163,read,174249536,16,0
136243,write,178036032,16,0
136286,read,174249536,16,0
136289,read,174249600,16,0
136369,write,178036032,16,0
136412,read,174249664,16,0
136415,read,174249728,16,0
136495,write,178036096,16,0
136538,read,174249728,16,0
136541,read,174249792,16,0
136621,write,178036096,16,0
136664,read,174249856,16,0
136667,read,174249920,16,0
136747,write,178036160,16,0
136789,write,178036224,16,0
136792,read,174249920,16,0
136795,read,174249984,16,0
136915,write,178036224,16,0
136958,read,174250048,16,0
136961,read,174250112,16,0
137041,write,178036224,16,0
137083,write,178036288,16,0
137086,read,174250112,16,0
137089,read,174250176,16,0
137209,write,178036288,16,0
137252,read,174250240,16,0
137255,read,174250304,16,0
137335,write,178036288,16,0
137377,write,178036352,16,0
137380,read,174250304,16,0
137383,read,174250368,16,0
137503,write,178036352,16,0
137546,read,174250432,16,0
137549,read,174250496,16,0
137629,write,178036352,16,0
137671,write,178036416,16,0
137674,read,174250496,16,0
137677,read,174250560,16,0
137797,write,178036416,16,0
137840,read,174250624,16,0
137843,read,174250688,16,0
137923,write,178036736,16,0
137966,read,174250688,16,0
137969,read,174250752,16,0
138049,write,178036736,16,0
138091,write,178036800,16,0
138094,read,174250816,16,0
138097,read,174250880,16,0
138217,write,178036800,16,0
138260,read,174250880,16,0
138263,read,174250944,16,0
138343,write,178036800,16,0
138385,write,178036864,16,0
138388,read,174251008,16,0
138391,read,174251072,16,0
138511,write,178036864,16,0
138554,read,174251072,16,0
138557,read,174251136,16,0
138637,write,178036864,16,0
138679,write,178036928,16,0
138682,read,174251200,16,0
138685,read,174251264,16,0
138805,write,178036928,16,0
138848,read,174251264,16,0
138851,read,174251328,16,0
138931,write,178036928,16,0
138973,write,178037248,16,0
138976,read,174251392,16,0
138979,read,174251456,16,0
139099,write,178037248,16,0
139102,write,178037312,16,0
139142,read,174251456,16,0
139145,read,174251520,16,0
139267,write,178037312,16,0
139309,write,178037504,16,0
139312,read,174251584,16,0
139315,read,174251648,16,0
139435,write,178037696,16,0
139477,write,178037760,16,0
139480,read,174251648,16,0
139483,read,174251712,16,0
139603,write,178037760,16,0
139645,write,178037824,16,0
139648,read,174251776,16,0
139651,read,174251840,16,0
139771,write,178037824,16,0
139774,write,178037888,16,0
139813,write,178037952,16,0
139816,read,174251840,16,0
139819,read,174251904,16,0
139981,write,178037952,16,0
140024,read,174251968,16,0
140027,read,174252032,16,0
140107,write,178038016,16,0
140110,write,178038080,16,0
140149,write,178038144,16,0
140152,write,178038208,16,0
140155,read,174252032,16,0
140158,read,174252096,16,0
140359,write,178038208,16,0
140402,read,174252160,16,0
140405,read,174252224,16,0
140485,write,178038208,16,0
140488,write,178038272,16,0
140528,read,174252224,16,0
140531,read,174252288,16,0
140653,write,178038272,16,0
140695,write,178038336,16,0
140698,read,174252352,16,0
140701,read,174252416,16,0
140821,write,178038336,16,0
140863,write,178038400,16,0
140866,read,174252416,16,0
140869,read,174252480,16,0
140989,write,178038400,16,0
141032,read,174252544,16,0
141035,read,174252608,16,0
141115,write,178038400,16,0
141118,write,178038464,16,0
141158,read,174252608,16,0
141161,read,174252672,16,0
141283,write,178038464,16,0
141326,read,174252736,16,0
141329,read,174252800,16,0
141409,write,178038464,16,0
141412,write,178038528,16,0
141452,read,174252800,16,0
141455,read,174252864,16,0
141577,write,178038528,16,0
141620,read,174252928,16,0
141623,read,174252992,16,0
141703,write,178038592,16,0
141746,read,174252992,16,0
141749,read,174253056,16,0
141829,write,178038592,16,0
141871,write,178038656,16,0
141874,read,174253120,16,0
141877,read,174253184,16,0
141997,write,178038656,16,0
142039,write,178038720,16,0
142042,read,174253184,16,0
142045,read,174253248,16,0
142165,write,178038720,16,0
142208,read,174253312,16,0
142211,read,174253376,16,0
142291,write,178038720,16,0
142294,write,178038784,16,0
142334,read,174253376,16,0
142337,read,174253440,16,0
142459,write,178038784,16,0
142501,write,178038848,16,0
142504,read,174253504,16,0
142507,read,174253568,16,0
142627,write,178038848,16,0
142669,write,178038912,16,0
142672,read,174253568,16,0
142675,read,174253632,16,0
142795,write,178038912,16,0
142838,read,174253696,16,0
142841,read,174253760,16,0
142921,write,178038912,16,0
142924,write,178038976,16,0
142964,read,174253760,16,0
142967,read,174253824,16,0
143089,write,178038976,16,0
143132,read,174253888,16,0
143135,read,174253952,16,0
143215,write,178039040,16,0
143258,read,174253952,16,0
143261,read,174254016,16,0
143341,write,178039040,16,0
143383,write,178039104,16,0
143386,read,174254080,16,0
143389,read,174254144,16,0
143509,write,178039104,16,0
143551,write,178039168,16,0
143554,read,174254144,16,0
143557,read,174254208,16,0
143677,write,178039168,16,0
143720,read,174254272,16,0
143723,read,174254336,16,0
143803,write,178039168,16,0
143806,write,178039232,16,0
143846,read,174254336,16,0
143849,read,174254400,16,0
143971,write,178039232,16,0
144014,read,174254464,16,0
144017,read,174254528,16,0
144097,write,178039296,16,0
144140,read,174254528,16,0
144143,read,174254592,16,0
144223,write,178039296,16,0
144266,read,174254656,16,0
144269,read,174254720,16,0
144349,write,178039360,16,0
144392,read,174254720,16,0
144395,read,174254784,16,0
144475,write,178039360,16,0
144517,write,178039424,16,0
144520,read,174254848,16,0
144523,read,174254912,16,0
144643,write,178039424,16,0
144685,write,178039488,16,0
144688,read,174254912,16,0
144691,read,174254976,16,0
144811,write,178039488,16,0
144854,read,174255040,16,0
144857,read,174255104,16,0
144937,write,178039552,16,0
144979,write,178039616,16,0
144982,read,174255104,16,0
144985,read,174255168,16,0
145105,write,178039616,16,0
145148,read,174255232,16,0
145151,read,174255296,16,0
145231,write,178039680,16,0
145274,read,174255296,16,0
145277,read,174255360,16,0
145357,write,178039744,16,0
145400,read,174255424,16,0
145403,read,174255488,16,0
145483,write,178039744,16,0
145486,write,178039808,16,0
145526,read,174255488,16,0
145529,read,174255552,16,0
145651,write,178039808,16,0
145693,write,178039872,16,0
145696,read,174255616,16,0
145699,read,174255680,16,0
145819,write,178039872,16,0
145822,write,178039936,16,0
145861,write,178040064,16,0
145864,write,178040128,16,0
145867,read,174255680,16,0
145870,read,174255744,16,0
146071,write,178040128,16,0
146114,read,174255808,16,0
146117,read,174255872,16,0
146197,write,178040192,16,0
146240,read,174255872,16,0
146243,read,174255936,16,0
146323,write,178040256,16,0
146366,read,174256000,16,0
146369,read,174256064,16,0
146449,write,178040256,16,0
146452,write,178040320,16,0
146492,read,174256064,16,0
146495,read,174256128,16,0
146617,write,178040320,16,0
146660,read,174256192,16,0
146663,read,174256256,16,0
146743,write,178040320,16,0
146746,write,178040384,16,0
146786,read,174256256,16,0
146789,read,174256320,16,0
146911,write,178040384,16,0
146954,read,174256384,16,0
146957,read,174256448,16,0
147037,write,178040384,16,0
147040,write,178040448,16,0
147080,read,174256448,16,0
147083,read,174256512,16,0
147205,write,178040448,16,0
147248,read,174256576,16,0
147251,read,174256640,16,0
147331,write,178040448,16,0
147334,write,178040512,16,0
147373,write,178040576,16,0
147376,read,174256640,16,0
147379,read,174256704,16,0
147541,write,178040576,16,0
147583,write,178040640,16,0
147586,read,174256768,16,0
147589,read,174256832,16,0
147709,write,178040640,16,0
147712,write,178040704,16,0
147752,read,174256832,16,0
147755,read,174256896,16,0
147877,write,178040704,16,0
147920,read,174256960,16,0
147923,read,174257024,16,0
148003,write,178040704,16,0
148006,write,178040768,16,0
148046,read,174257024,16,0
148049,read,174257088,16,0
148171,write,178040768,16,0
148213,write,178040832,16,0
148216,read,174257152,16,0
148219,read,174257216,16,0
148339,write,178040896,16,0
148382,read,174257216,16,0
148385,read,174257280,16,0
148465,write,178040896,16,0
148508,read,174257344,16,0
148511,read,174257408,16,0
148591,write,178040960,16,0
148634,read,174257408,16,0
148637,read,174257472,16,0
148717,write,178040960,16,0
148760,read,174257536,16,0
148763,read,174257600,16,0
148843,write,178041024,16,0
148886,read,174257600,16,0
148889,read,174257664,16,0
148969,write,178041024,16,0
149012,read,174257728,16,0
149015,read,174257792,16,0
149095,write,178041088,16,0
149138,read,174257792,16,0
149141,read,174257856,16,0
149221,write,178041088,16,0
149264,read,174257920,16,0
149267,read,174257984,16,0
149347,write,178041152,16,0
149390,read,174257984,16,0
149393,read,174258048,16,0
149473,write,178041152,16,0
149516,read,174258112,16,0
149519,read,174258176,16,0
149599,write,178041216,16,0
149642,read,174258176,16,0
149645,read,174258240,16,0
149725,write,178041216,16,0
149768,read,174258304,16,0
149771,read,174258368,16,0
149851,write,178041280,16,0
149894,read,174258368,16,0
149897,read,174258432,16,0
149977,write,178041280,16,0
150019,write,178041344,16,0
150022,read,174258496,16,0
150025,read,174258560,16,0
150145,write,178041344,16,0
150188,read,174258560,16,0
150191,read,174258624,16,0
150271,write,178041344,16,0
150313,write,178041408,16,0
150316,read,174258688,16,0
150319,read,174258752,16,0
150439,write,178041408,16,0
150482,read,174258752,16,0
150485,read,174258816,16,0
150565,write,178041408,16,0
150607,write,178041472,16,0
150610,read,174258880,16,0
150613,read,174258944,16,0
150733,write,178041472,16,0
150776,read,174258944,16,0
150779,read,174259008,16,0
150859,write,178041472,16,0
150901,write,178041536,16,0
150904,read,174259072,16,0
150907,read,174259136,16,0
151027,write,178041536,16,0
151070,read,174259136,16,0
151073,read,174259200,16,0
151153,write,178041536,16,0
151195,write,178041600,16,0
151198,read,174259264,16,0
151201,read,174259328,16,0
151321,write,178041600,16,0
151364,read,174259328,16,0
151367,read,174259392,16,0
151447,write,178041600,16,0
151489,write,178041664,16,0
151492,read,174259456,16,0
151495,read,174259520,16,0
151615,write,178041664,16,0
151658,read,174259520,16,0
151661,read,174259584,16,0
151741,write,178041664,16,0
151783,write,178041728,16,0
151786,read,174259648,16,0
151789,read,174259712,16,0
151909,write,178041728,16,0
151952,read,174259712,16,0
151955,read,174259776,16,0
152035,write,178041792,16,0
152078,read,174259840,16,0
152081,read,174259904,16,0
152161,write,178041792,16,0
152203,write,178041856,16,0
152206,read,174259904,16,0
152209,read,174259968,16,0
152329,write,178041856,16,0
152372,read,174260032,16,0
152375,read,174260096,16,0
152455,write,178041856,16,0
152497,write,178041920,16,0
152500,read,174260096,16,0
152503,read,174260160,16,0
152623,write,178041920,16,0
152666,read,174260224,16,0
152669,read,174260288,16,0
152749,write,178041920,16,0
152791,write,178041984,16,0
152794,read,174260288,16,0
152797,read,174260352,16,0
152917,write,178041984,16,0
152960,read,174260416,16,0
152963,read,174260480,16,0
153043,write,178041984,16,0
153046,write,178042048,16,0
153049,write,178042112,16,0
153086,read,174260480,16,0
153089,read,174260544,16,0
153253,write,178042112,16,0
153295,write,178042176,16,0
153298,read,174260608,16,0
153301,read,174260672,16,0
153421,write,178042240,16,0
153464,read,174260672,16,0
153467,read,174260736,16,0
153547,write,178042240,16,0
153590,read,174260800,16,0
153593,read,174260864,16,0
153673,write,178042304,16,0
153716,read,174260864,16,0
153719,read,174260928,16,0
153799,write,178042304,16,0
153842,read,174260992,16,0
153845,read,174261056,16,0
153925,write,178042368,16,0
153968,read,174261056,16,0
153971,read,174261120,16,0
154051,write,178042368,16,0
154094,read,174261184,16,0
154097,read,174261248,16,0
154177,write,178042432,16,0
154220,read,174261248,16,0
154223,read,174261312,16,0
154303,write,178042432,16,0
154346,read,174261376,16,0
154349,read,174261440,16,0
154429,write,178042496,16,0
154472,read,174261440,16,0
154475,read,174261504,16,0
154555,write,178042496,16,0
154597,write,178042560,16,0
154600,write,178042624,16,0
154603,read,174261568,16,0
154606,read,174261632,16,0
154765,write,178042688,16,0
154807,write,178042752,16,0
154810,read,174261632,16,0
154813,read,174261696,16,0
154933,write,178042816,16,0
154975,write,178042880,16,0
154978,read,174261760,16,0
154981,read,174261824,16,0
155101,write,178042880,16,0
155143,write,178042944,16,0
155146,read,174261824,16,0
155149,read,174261888,16,0
155269,write,178042944,16,0
155311,write,178043008,16,0
155314,read,174261952,16,0
155317,read,174262016,16,0
155437,write,178043008,16,0
155479,write,178043072,16,0
155482,read,174262016,16,0
155485,read,174262080,16,0
155605,write,178043072,16,0
155648,read,174262144,16,0
155651,read,174262208,16,0
155731,write,178043072,16,0
155773,write,178043136,16,0
155776,read,174262208,16,0
155779,read,174262272,16,0
155899,write,178043200,16,0
155942,read,174262336,16,0
155945,read,174262400,16,0
156025,write,178043200,16,0
156028,write,178043264,16,0
156067,write,178043328,16,0
156070,read,174262400,16,0
156073,read,174262464,16,0
156235,write,178043392,16,0
156277,write,178043456,16,0
156280,read,174262528,16,0
156283,read,174262592,16,0
156403,write,178043456,16,0
156446,read,174262592,16,0
156449,read,174262656,16,0
156529,write,178043456,16,0
156571,write,178043520,16,0
156574,read,174262720,16,0
156577,read,174262784,16,0
156697,write,178043520,16,0
156740,read,174262784,16,0
156743,read,174262848,16,0
156823,write,178043520,16,0
156865,write,178043584,16,0
156868,write,178043776,16,0
156871,read,174262912,16,0
156874,read,174262976,16,0
157033,write,178043776,16,0
157075,write,178043840,16,0
157078,read,174262976,16,0
157081,read,174263040,16,0
157201,write,178043840,16,0
157244,read,174263104,16,0
157247,read,174263168,16,0
157327,write,178043840,16,0
157369,write,178043904,16,0
157372,read,174263168,16,0
157375,read,174263232,16,0
157495,write,178043904,16,0
157538,read,174263296,16,0
157541,read,174263360,16,0
157621,write,178043904,16,0
157663,write,178043968,16,0
157666,read,174263360,16,0
157669,read,174263424,16,0
157789,write,178044032,16,0
157832,read,174263488,16,0
157835,read,174263552,16,0
157915,write,178044032,16,0
157958,read,174263552,16,0
157961,read,174263616,16,0
158041,write,178044096,16,0
158084,read,174263680,16,0
158087,read,174263744,16,0
158167,write,178044096,16,0
158209,write,178044160,16,0
158212,read,174263744,16,0
158215,read,174263808,16,0
158335,write,178044160,16,0
158377,write,178044224,16,0
158380,read,174263872,16,0
158383,read,174263936,16,0
158503,write,178044224,16,0
158546,read,174263936,16,0
158549,read,174264000,16,0
158629,write,178044224,16,0
158671,write,178044288,16,0
158674,read,174264064,16,0
158677,read,174264128,16,0
158797,write,178044288,16,0
158840,read,174264128,16,0
158843,read,174264192,16,0
158923,write,178044288,16,0
158965,write,178044352,16,0
158968,read,174264256,16,0
158971,read,174264320,16,0
159091,write,178044352,16,0
159094,write,178044416,16,0
159134,read,174264320,16,0
159137,read,174264384,16,0
159259,write,178044416,16,0
159302,read,174264448,16,0
159305,read,174264512,16,0
159385,write,178044416,16,0
159388,write,178044480,16,0
159428,read,174264512,16,0
159431,read,174264576,16,0
159553,write,178044480,16,0
159596